inputs: 2 outputs: 2
pos_x	pos_y	s_pitch		s_roll

---
65.5	66.5	-0.415672	0.115008
54.5	37.5	-0.415672	0.115008
54.5	37.5	-0.415672	0.115008
50.5	42.5	-0.415672	0.115008
59.5	49.5	-0.415672	0.115008
59.5	49.5	-0.415672	0.115008
61.5	47.5	-0.415672	0.115008
63.5	53.5	-0.415672	0.115008
63.5	53.5	-0.415672	0.115008
63.5	53.5	-0.415672	0.115008
67.5	62.5	-0.415672	0.115008
66.5	62.5	-0.415672	0.115008
66.5	62.5	-0.412604	0.113474
63.5	62.5	-0.404934	0.115008
62.5	64.5	-0.404934	0.115008
61.5	55.5	-0.404934	0.116542
57.5	60.5	-0.404934	0.122678
48.5	57.5	-0.404934	0.13495
48.5	57.5	-0.404934	0.14262
40.5	55.5	-0.406468	0.14262
40.5	55.5	-0.404934	0.14262
45.5	48.5	-0.404934	0.141086
45.5	48.5	-0.406468	0.136484
51.5	39.5	-0.406468	0.121144
51.5	39.5	-0.404934	0.113474
65.5	64.5	-0.404934	0.108872
68.5	64.5	-0.404934	0.105804
65.5	56.5	-0.404934	0.101202
74.5	65.5	-0.404934	0.08126
78.5	55.5	-0.404934	0.0720561
79.5	51.5	-0.404934	0.0674541
81.5	53.5	-0.406468	0.0628521
93.5	71.5	-0.406468	0.0628521
89.5	54.5	-0.41107	0.052114
88.5	48.5	-0.412604	0.0429101
93.5	43.5	-0.412604	0.0367742
146.5	39.5	-0.412604	0.032172
95.5	44.5	-0.412604	0.02757
100.5	48.5	-0.412604	0.00916195
118.5	71.5	-0.412604	-4.19617e-05
117.5	63.5	-0.412604	-0.00771189
117.5	46.5	-0.412604	-0.0123138
118.5	59.5	-0.412604	-0.0153821
119.5	43.5	-0.414138	-0.0261199
126.5	45.5	-0.414138	-0.0353239
128.5	60.5	-0.415672	-0.042994
131.5	57.5	-0.415672	-0.0521979
135.5	45.5	-0.41874	-0.0567999
142.5	65.5	-0.423342	-0.0629361
139.5	39.5	-0.424876	-0.067538
188.5	35.5	-0.429478	-0.0782759
188.5	35.5	-0.43408	-0.0859461
144.5	42.5	-0.438682	-0.093616
148.5	46.5	-0.443284	-0.0997519
154.5	54.5	-0.443284	-0.0997519
203.5	31.5	-0.443284	-0.0997519
151.5	45.5	-0.443284	-0.104354
151.5	35.5	-0.443284	-0.112024
159.5	33.5	-0.443284	-0.119694
153.5	35.5	-0.443284	-0.136568
165.5	37.5	-0.443284	-0.145772
169.5	35.5	-0.443284	-0.150374
170.5	39.5	-0.443284	-0.15651
175.5	36.5	-0.44175	-0.162646
174.5	38.5	-0.443284	-0.176452
175.5	37.5	-0.443284	-0.182588
180.5	43.5	-0.443284	-0.190258
184.5	42.5	-0.443284	-0.19486
187.5	38.5	-0.443284	-0.196394
188.5	38.5	-0.44175	-0.197928
183.5	39.5	-0.443284	-0.197928
186.5	37.5	-0.443284	-0.197928
188.5	37.5	-0.444818	-0.197928
186.5	41.5	-0.446352	-0.197928
184.5	38.5	-0.450954	-0.2102
191.5	46.5	-0.452488	-0.21787
200.5	31.5	-0.455556	-0.227074
207.5	32.5	-0.45709	-0.239346
202.5	39.5	-0.458624	-0.250084
210.5	38.5	-0.460158	-0.262356
215.5	40.5	-0.467828	-0.288434
216.5	30.5	-0.470896	-0.29457
220.5	30.5	-0.473964	-0.299172
223.5	32.5	-0.473964	-0.300706
224.5	30.5	-0.473964	-0.30224
225.5	37.5	-0.473964	-0.306842
231.5	34.5	-0.473964	-0.320648
232.5	32.5	-0.475498	-0.329852
235.5	33.5	-0.475498	-0.335988
235.5	32.5	-0.475498	-0.337522
235.5	33.5	-0.478566	-0.337522
237.5	33.5	-0.4801	-0.339056
237.5	33.5	-0.4801	-0.343658
243.5	37.5	-0.4801	-0.357464
245.5	31.5	-0.483168	-0.366668
249.5	31.5	-0.484702	-0.372804
248.5	32.5	-0.489304	-0.375872
250.5	30.5	-0.489304	-0.37894
252.5	32.5	-0.490838	-0.389678
256.5	34.5	-0.490838	-0.403484
262.5	34.5	-0.492372	-0.418824
268.5	32.5	-0.493906	-0.449504
275.5	36.5	-0.493906	-0.458708
277.5	37.5	-0.493906	-0.46331
279.5	38.5	-0.493906	-0.466378
282.5	39.5	-0.492372	-0.466378
282.5	38.5	-0.492372	-0.466378
277.5	45.5	-0.490838	-0.466378
282.5	38.5	-0.490838	-0.466378
281.5	40.5	-0.489304	-0.466378
280.5	42.5	-0.483168	-0.466378
280.5	46.5	-0.478566	-0.466378
277.5	50.5	-0.47243	-0.466378
274.5	44.5	-0.467828	-0.466378
275.5	46.5	-0.460158	-0.466378
272.5	61.5	-0.44942	-0.466378
278.5	56.5	-0.440216	-0.466378
277.5	59.5	-0.41874	-0.466378
272.5	65.5	-0.415672	-0.466378
272.5	63.5	-0.415672	-0.466378
269.5	62.5	-0.415672	-0.464844
268.5	59.5	-0.415672	-0.461776
270.5	59.5	-0.415672	-0.45564
269.5	60.5	-0.415672	-0.449504
263.5	61.5	-0.415672	-0.446436
263.5	61.5	-0.415672	-0.438766
258.5	60.5	-0.415672	-0.420358
253.5	59.5	-0.415672	-0.41729
252.5	56.5	-0.415672	-0.41729
252.5	59.5	-0.415672	-0.415756
254.5	57.5	-0.415672	-0.412688
253.5	57.5	-0.415672	-0.389678
247.5	57.5	-0.415672	-0.380474
245.5	56.5	-0.415672	-0.377406
242.5	57.5	-0.415672	-0.377406
242.5	56.5	-0.415672	-0.375872
237.5	57.5	-0.415672	-0.368202
233.5	57.5	-0.415672	-0.345192
233.5	54.5	-0.415672	-0.345192
229.5	52.5	-0.415672	-0.343658
228.5	59.5	-0.415672	-0.339056
225.5	58.5	-0.415672	-0.311444
218.5	57.5	-0.415672	-0.296104
217.5	53.5	-0.415672	-0.283832
212.5	53.5	-0.417206	-0.274628
206.5	53.5	-0.417206	-0.26389
203.5	55.5	-0.417206	-0.25622
199.5	50.5	-0.417206	-0.237812
197.5	55.5	-0.417206	-0.228608
191.5	56.5	-0.417206	-0.220938
189.5	54.5	-0.417206	-0.216336
186.5	56.5	-0.417206	-0.2102
186.5	54.5	-0.417206	-0.200996
182.5	51.5	-0.417206	-0.190258
175.5	50.5	-0.417206	-0.173384
171.5	51.5	-0.417206	-0.168782
175.5	49.5	-0.417206	-0.167248
171.5	50.5	-0.417206	-0.167248
172.5	50.5	-0.417206	-0.165714
168.5	45.5	-0.417206	-0.16418
165.5	45.5	-0.417206	-0.15651
162.5	51.5	-0.417206	-0.14117
160.5	51.5	-0.417206	-0.122762
157.5	50.5	-0.417206	-0.0997519
151.5	46.5	-0.417206	-0.092082
153.5	70.5	-0.417206	-0.0813439
136.5	50.5	-0.417206	-0.070606
137.5	46.5	-0.417206	-0.0583339
133.5	54.5	-0.417206	-0.0506639
136.5	72.5	-0.417206	-0.042994
126.5	53.5	-0.417206	-0.0383921
123.5	57.5	-0.417206	-0.0353239
121.5	43.5	-0.417206	-0.0261199
117.5	48.5	-0.417206	-0.023052
117.5	49.5	-0.415672	-0.019984
117.5	49.5	-0.417206	-0.016916
113.5	48.5	-0.417206	-0.00924587
111.5	52.5	-0.415672	0.00762796
104.5	49.5	-0.415672	0.0152981
103.5	58.5	-0.415672	0.0214341
104.5	57.5	-0.415672	0.024502
98.5	59.5	-0.415672	0.029104
94.5	49.5	-0.415672	0.0352399
90.5	52.5	-0.415672	0.0398421
90.5	56.5	-0.415672	0.0459781
89.5	58.5	-0.415672	0.0459781
91.5	59.5	-0.414138	0.049046
85.5	51.5	-0.414138	0.0628521
81.5	57.5	-0.412604	0.0720561
69.5	52.5	-0.41107	0.075124
80.5	64.5	-0.41107	0.075124
78.5	59.5	-0.41107	0.08126
78.5	53.5	-0.41107	0.0873961
74.5	69.5	-0.409536	0.0966001
66.5	52.5	-0.408002	0.107338
65.5	65.5	-0.406468	0.116542
58.5	66.5	-0.401866	0.122678
52.5	53.5	-0.389594	0.122678
60.5	78.5	-0.381924	0.122678
61.5	60.5	-0.377322	0.122678
54.5	62.5	-0.37272	0.122678
56.5	63.5	-0.369652	0.122678
60.5	87.5	-0.366584	0.122678
60.5	78.5	-0.363516	0.122678
60.5	81.5	-0.354312	0.122678
51.5	78.5	-0.346642	0.122678
54.5	84.5	-0.33437	0.122678
60.5	89.5	-0.331302	0.122678
61.5	93.5	-0.331302	0.122678
63.5	95.5	-0.331302	0.118076
62.5	82.5	-0.331302	0.105804
64.5	88.5	-0.331302	0.098134
71.5	79.5	-0.331302	0.0919981
75.5	90.5	-0.331302	0.0904641
77.5	92.5	-0.331302	0.0889301
79.5	88.5	-0.331302	0.078192
86.5	89.5	-0.331302	0.0689881
87.5	91.5	-0.331302	0.0628521
86.5	80.5	-0.331302	0.056716
91.5	81.5	-0.331302	0.0459781
94.5	84.5	-0.331302	0.0352399
95.5	76.5	-0.331302	0.030638
97.5	81.5	-0.331302	0.024502
91.5	82.5	-0.331302	0.0122299
105.5	77.5	-0.331302	-4.19617e-05
115.5	85.5	-0.331302	-0.0107799
116.5	83.5	-0.331302	-0.01845
121.5	90.5	-0.331302	-0.023052
121.5	81.5	-0.331302	-0.0276539
121.5	77.5	-0.331302	-0.0368581
122.5	75.5	-0.331302	-0.046062
127.5	82.5	-0.331302	-0.0521979
125.5	77.5	-0.331302	-0.0567999
131.5	79.5	-0.331302	-0.0583339
131.5	81.5	-0.331302	-0.0598679
135.5	84.5	-0.332836	-0.0629361
133.5	79.5	-0.332836	-0.0644701
136.5	81.5	-0.332836	-0.066004
132.5	75.5	-0.332836	-0.073674
138.5	73.5	-0.332836	-0.0874801
144.5	83.5	-0.332836	-0.09515
141.5	73.5	-0.331302	-0.0997519
148.5	85.5	-0.332836	-0.0997519
148.5	81.5	-0.33437	-0.11049
151.5	79.5	-0.337438	-0.115092
154.5	81.5	-0.338972	-0.119694
151.5	70.5	-0.338972	-0.119694
155.5	79.5	-0.338972	-0.121228
156.5	68.5	-0.338972	-0.1335
161.5	78.5	-0.340506	-0.139636
160.5	76.5	-0.340506	-0.142704
165.5	80.5	-0.340506	-0.147306
167.5	79.5	-0.340506	-0.151908
168.5	79.5	-0.34204	-0.16418
173.5	81.5	-0.34204	-0.174918
174.5	76.5	-0.34204	-0.184122
175.5	69.5	-0.34204	-0.193326
180.5	78.5	-0.34204	-0.197928
180.5	78.5	-0.34204	-0.199462
181.5	78.5	-0.34204	-0.199462
183.5	76.5	-0.343574	-0.199462
184.5	77.5	-0.345108	-0.200996
185.5	80.5	-0.346642	-0.205598
187.5	76.5	-0.34971	-0.211734
188.5	77.5	-0.355846	-0.211734
186.5	73.5	-0.358914	-0.211734
185.5	68.5	-0.358914	-0.211734
190.5	79.5	-0.35738	-0.213268
189.5	76.5	-0.358914	-0.211734
188.5	75.5	-0.358914	-0.211734
188.5	76.5	-0.358914	-0.211734
188.5	75.5	-0.358914	-0.211734
187.5	73.5	-0.360448	-0.211734
189.5	75.5	-0.360448	-0.211734
189.5	74.5	-0.360448	-0.214802
190.5	77.5	-0.360448	-0.216336
190.5	74.5	-0.363516	-0.216336
185.5	68.5	-0.366584	-0.216336
186.5	70.5	-0.369652	-0.216336
187.5	69.5	-0.369652	-0.216336
185.5	67.5	-0.369652	-0.216336
184.5	65.5	-0.369652	-0.216336
181.5	65.5	-0.369652	-0.216336
185.5	77.5	-0.369652	-0.214802
181.5	67.5	-0.369652	-0.207132
180.5	71.5	-0.369652	-0.190258
170.5	65.5	-0.369652	-0.176452
167.5	65.5	-0.369652	-0.168782
164.5	61.5	-0.369652	-0.165714
162.5	63.5	-0.369652	-0.165714
161.5	64.5	-0.369652	-0.165714
167.5	61.5	-0.369652	-0.170316
168.5	60.5	-0.369652	-0.16418
162.5	62.5	-0.374254	-0.147306
158.5	61.5	-0.374254	-0.122762
149.5	65.5	-0.374254	-0.113558
148.5	59.5	-0.374254	-0.116626
148.5	56.5	-0.374254	-0.127364
161.5	60.5	-0.377322	-0.181054
175.5	57.5	-0.377322	-0.207132
183.5	59.5	-0.377322	-0.227074
195.5	69.5	-0.377322	-0.250084
203.5	61.5	-0.377322	-0.274628
212.5	72.5	-0.377322	-0.306842
217.5	68.5	-0.377322	-0.308376
220.5	66.5	-0.377322	-0.308376
219.5	69.5	-0.377322	-0.30991
222.5	72.5	-0.377322	-0.320648
223.5	66.5	-0.377322	-0.33292
227.5	64.5	-0.377322	-0.343658
232.5	65.5	-0.377322	-0.349794
234.5	69.5	-0.377322	-0.352862
235.5	73.5	-0.377322	-0.354396
238.5	73.5	-0.377322	-0.360532
240.5	63.5	-0.378856	-0.374338
246.5	65.5	-0.378856	-0.391212
252.5	65.5	-0.38039	-0.418824
257.5	67.5	-0.38039	-0.428028
260.5	70.5	-0.38039	-0.437232
265.5	70.5	-0.38039	-0.446436
266.5	70.5	-0.381924	-0.44797
266.5	71.5	-0.383458	-0.44797
268.5	67.5	-0.391128	-0.45564
271.5	62.5	-0.39573	-0.469446
274.5	61.5	-0.397264	-0.48632
279.5	65.5	-0.397264	-0.49399
281.5	68.5	-0.397264	-0.49399
283.5	68.5	-0.397264	-0.498592
281.5	74.5	-0.397264	-0.507796
286.5	64.5	-0.397264	-0.518534
287.5	66.5	-0.397264	-0.521602
292.5	70.5	-0.397264	-0.52467
291.5	72.5	-0.397264	-0.529272
291.5	70.5	-0.397264	-0.530806
294.5	74.5	-0.39573	-0.530806
291.5	73.5	-0.392662	-0.530806
289.5	74.5	-0.381924	-0.530806
288.5	78.5	-0.378856	-0.530806
289.5	78.5	-0.37272	-0.530806
287.5	80.5	-0.361982	-0.530806
285.5	86.5	-0.340506	-0.530806
285.5	87.5	-0.331302	-0.529272
283.5	91.5	-0.323632	-0.530806
283.5	98.5	-0.312894	-0.530806
282.5	98.5	-0.306758	-0.529272
279.5	99.5	-0.306758	-0.529272
281.5	96.5	-0.306758	-0.527738
282.5	97.5	-0.306758	-0.520068
276.5	95.5	-0.306758	-0.504728
272.5	100.5	-0.306758	-0.492456
269.5	96.5	-0.306758	-0.484786
266.5	97.5	-0.306758	-0.483252
265.5	94.5	-0.306758	-0.481718
264.5	95.5	-0.306758	-0.47865
262.5	98.5	-0.306758	-0.467912
257.5	95.5	-0.306758	-0.45564
252.5	94.5	-0.306758	-0.435698
249.5	96.5	-0.306758	-0.431096
249.5	91.5	-0.306758	-0.431096
247.5	94.5	-0.306758	-0.431096
250.5	95.5	-0.306758	-0.429562
248.5	92.5	-0.306758	-0.42496
245.5	89.5	-0.306758	-0.40962
242.5	94.5	-0.308292	-0.405018
242.5	90.5	-0.306758	-0.405018
242.5	90.5	-0.306758	-0.405018
241.5	94.5	-0.308292	-0.405018
240.5	93.5	-0.308292	-0.397348
239.5	91.5	-0.308292	-0.38661
233.5	88.5	-0.309826	-0.375872
231.5	93.5	-0.309826	-0.37127
228.5	93.5	-0.31136	-0.37127
226.5	96.5	-0.31136	-0.37127
231.5	89.5	-0.31136	-0.369736
229.5	92.5	-0.31136	-0.357464
227.5	89.5	-0.31136	-0.352862
225.5	89.5	-0.31136	-0.352862
225.5	91.5	-0.31136	-0.351328
224.5	91.5	-0.31136	-0.342124
220.5	90.5	-0.31136	-0.323716
216.5	85.5	-0.31136	-0.314512
211.5	85.5	-0.312894	-0.314512
213.5	90.5	-0.312894	-0.312978
212.5	87.5	-0.312894	-0.312978
212.5	89.5	-0.312894	-0.299172
205.5	82.5	-0.314428	-0.283832
202.5	90.5	-0.314428	-0.266958
197.5	88.5	-0.315962	-0.257754
195.5	89.5	-0.315962	-0.251618
192.5	88.5	-0.315962	-0.245482
187.5	81.5	-0.315962	-0.23321
184.5	88.5	-0.315962	-0.220938
183.5	89.5	-0.315962	-0.219404
183.5	88.5	-0.315962	-0.21787
183.5	88.5	-0.315962	-0.21787
181.5	90.5	-0.315962	-0.214802
180.5	88.5	-0.315962	-0.200996
175.5	90.5	-0.315962	-0.188724
170.5	90.5	-0.314428	-0.17952
168.5	90.5	-0.315962	-0.176452
170.5	90.5	-0.314428	-0.176452
169.5	89.5	-0.314428	-0.174918
169.5	90.5	-0.315962	-0.170316
166.5	88.5	-0.315962	-0.16418
163.5	89.5	-0.315962	-0.153442
162.5	89.5	-0.315962	-0.14117
158.5	87.5	-0.315962	-0.135034
152.5	85.5	-0.315962	-0.127364
149.5	84.5	-0.315962	-0.124296
148.5	84.5	-0.315962	-0.116626
150.5	85.5	-0.315962	-0.112024
147.5	90.5	-0.315962	-0.107422
145.5	86.5	-0.315962	-0.101286
140.5	82.5	-0.315962	-0.098218
138.5	82.5	-0.315962	-0.0890141
137.5	89.5	-0.315962	-0.0859461
136.5	81.5	-0.315962	-0.0859461
137.5	86.5	-0.315962	-0.0828779
135.5	92.5	-0.315962	-0.0782759
131.5	90.5	-0.315962	-0.070606
134.5	68.5	-0.315962	-0.0629361
126.5	84.5	-0.315962	-0.0583339
122.5	81.5	-0.315962	-0.046062
125.5	94.5	-0.315962	-0.0399261
117.5	86.5	-0.315962	-0.0368581
116.5	87.5	-0.315962	-0.0353239
115.5	88.5	-0.315962	-0.0307219
115.5	85.5	-0.315962	-0.0261199
114.5	90.5	-0.315962	-0.023052
114.5	88.5	-0.315962	-0.0123138
108.5	90.5	-0.315962	-0.00464392
110.5	93.5	-0.315962	-4.19617e-05
106.5	96.5	-0.315962	-4.19617e-05
108.5	90.5	-0.315962	0.00149202
105.5	91.5	-0.315962	0.0106959
98.5	89.5	-0.315962	0.0137641
98.5	89.5	-0.315962	0.0137641
101.5	94.5	-0.315962	0.0152981
100.5	93.5	-0.315962	0.0214341
97.5	97.5	-0.315962	0.0383081
89.5	92.5	-0.315962	0.0413761
88.5	89.5	-0.315962	0.0444441
94.5	101.5	-0.315962	0.0475121
86.5	93.5	-0.315962	0.052114
86.5	91.5	-0.315962	0.056716
85.5	91.5	-0.315962	0.0597839
81.5	81.5	-0.315962	0.0705221
73.5	96.5	-0.315962	0.079726
72.5	91.5	-0.315962	0.0843279
72.5	95.5	-0.315962	0.0904641
72.5	94.5	-0.315962	0.0966001
72.5	108.5	-0.315962	0.098134
67.5	98.5	-0.315962	0.099668
62.5	93.5	-0.315962	0.101202
64.5	94.5	-0.314428	0.099668
65.5	96.5	-0.315962	0.101202
59.5	88.5	-0.315962	0.101202
70.5	103.5	-0.315962	0.101202
68.5	91.5	-0.315962	0.105804
66.5	101.5	-0.315962	0.113474
56.5	95.5	-0.314428	0.118076
64.5	108.5	-0.314428	0.118076
57.5	102.5	-0.315962	0.11961
61.5	101.5	-0.315962	0.11961
56.5	100.5	-0.312894	0.11961
64.5	115.5	-0.306758	0.11961
57.5	108.5	-0.30369	0.11961
59.5	108.5	-0.29602	0.11961
67.5	123.5	-0.285282	0.11961
57.5	107.5	-0.28068	0.11961
60.5	106.5	-0.274544	0.11961
60.5	109.5	-0.271476	0.11961
62.5	115.5	-0.271476	0.11961
59.5	103.5	-0.271476	0.11961
66.5	127.5	-0.271476	0.11961
62.5	115.5	-0.271476	0.118076
61.5	110.5	-0.271476	0.11961
66.5	117.5	-0.271476	0.11194
67.5	113.5	-0.271476	0.107338
72.5	113.5	-0.271476	0.10427
67.5	99.5	-0.271476	0.098134
72.5	108.5	-0.271476	0.0904641
82.5	118.5	-0.271476	0.079726
83.5	121.5	-0.271476	0.078192
74.5	102.5	-0.271476	0.078192
79.5	102.5	-0.271476	0.078192
83.5	104.5	-0.271476	0.076658
77.5	102.5	-0.271476	0.07359
83.5	103.5	-0.271476	0.0689881
83.5	108.5	-0.271476	0.0628521
93.5	120.5	-0.271476	0.053648
90.5	105.5	-0.271476	0.0444441
97.5	112.5	-0.269942	0.0398421
92.5	112.5	-0.271476	0.0398421
92.5	111.5	-0.271476	0.0398421
99.5	117.5	-0.271476	0.0398421
94.5	106.5	-0.271476	0.0398421
94.5	106.5	-0.271476	0.0383081
89.5	108.5	-0.271476	0.0367742
96.5	113.5	-0.271476	0.032172
96.5	106.5	-0.271476	0.0229681
102.5	106.5	-0.271476	0.0106959
105.5	107.5	-0.271476	0.00149202
110.5	111.5	-0.271476	-4.19617e-05
109.5	110.5	-0.271476	-0.00310993
113.5	109.5	-0.271476	-0.0061779
115.5	111.5	-0.271476	-0.0061779
108.5	101.5	-0.271476	-0.00771189
113.5	108.5	-0.271476	-0.0123138
115.5	109.5	-0.271476	-0.016916
119.5	108.5	-0.271476	-0.0322559
122.5	108.5	-0.271476	-0.04146
126.5	107.5	-0.271476	-0.0537319
128.5	106.5	-0.271476	-0.0583339
130.5	106.5	-0.271476	-0.0598679
134.5	109.5	-0.271476	-0.0598679
131.5	107.5	-0.271476	-0.0614018
135.5	106.5	-0.271476	-0.0614018
134.5	109.5	-0.271476	-0.067538
132.5	102.5	-0.271476	-0.0767419
143.5	111.5	-0.271476	-0.09515
147.5	112.5	-0.271476	-0.0997519
147.5	105.5	-0.271476	-0.101286
147.5	108.5	-0.271476	-0.101286
147.5	105.5	-0.271476	-0.104354
149.5	105.5	-0.271476	-0.115092
151.5	103.5	-0.271476	-0.119694
155.5	108.5	-0.271476	-0.124296
153.5	103.5	-0.271476	-0.127364
160.5	111.5	-0.271476	-0.131966
158.5	104.5	-0.271476	-0.138102
160.5	105.5	-0.271476	-0.139636
161.5	104.5	-0.271476	-0.142704
162.5	105.5	-0.271476	-0.150374
165.5	102.5	-0.271476	-0.165714
169.5	102.5	-0.269942	-0.170316
165.5	100.5	-0.271476	-0.170316
168.5	103.5	-0.271476	-0.173384
172.5	103.5	-0.271476	-0.176452
170.5	102.5	-0.271476	-0.181054
175.5	104.5	-0.271476	-0.199462
178.5	104.5	-0.271476	-0.20253
181.5	105.5	-0.271476	-0.20253
183.5	108.5	-0.271476	-0.204064
180.5	100.5	-0.271476	-0.204064
183.5	103.5	-0.271476	-0.205598
178.5	101.5	-0.271476	-0.208666
184.5	105.5	-0.269942	-0.214802
187.5	102.5	-0.271476	-0.222472
189.5	102.5	-0.271476	-0.231676
192.5	104.5	-0.271476	-0.24088
195.5	104.5	-0.271476	-0.247016
196.5	106.5	-0.271476	-0.253152
199.5	107.5	-0.269942	-0.259288
199.5	100.5	-0.271476	-0.26389
202.5	103.5	-0.271476	-0.268492
204.5	106.5	-0.269942	-0.274628
204.5	105.5	-0.271476	-0.280764
205.5	102.5	-0.271476	-0.2869
208.5	105.5	-0.271476	-0.291502
210.5	103.5	-0.271476	-0.29457
210.5	103.5	-0.271476	-0.29457
211.5	104.5	-0.271476	-0.296104
211.5	105.5	-0.271476	-0.296104
209.5	99.5	-0.271476	-0.296104
209.5	101.5	-0.271476	-0.299172
211.5	102.5	-0.271476	-0.312978
210.5	99.5	-0.271476	-0.316046
216.5	102.5	-0.271476	-0.316046
217.5	105.5	-0.271476	-0.316046
217.5	105.5	-0.271476	-0.31758
216.5	101.5	-0.271476	-0.31758
216.5	103.5	-0.271476	-0.320648
217.5	99.5	-0.271476	-0.328318
218.5	105.5	-0.271476	-0.335988
225.5	104.5	-0.271476	-0.34059
224.5	101.5	-0.271476	-0.34059
224.5	102.5	-0.271476	-0.342124
224.5	101.5	-0.271476	-0.351328
231.5	105.5	-0.271476	-0.3636
231.5	100.5	-0.271476	-0.374338
234.5	102.5	-0.271476	-0.374338
235.5	103.5	-0.271476	-0.374338
235.5	101.5	-0.271476	-0.375872
234.5	104.5	-0.271476	-0.375872
235.5	101.5	-0.271476	-0.375872
235.5	103.5	-0.271476	-0.380474
237.5	103.5	-0.271476	-0.391212
242.5	103.5	-0.271476	-0.40195
245.5	103.5	-0.271476	-0.414222
251.5	106.5	-0.271476	-0.426494
249.5	101.5	-0.271476	-0.434164
253.5	105.5	-0.271476	-0.435698
254.5	105.5	-0.271476	-0.437232
255.5	103.5	-0.271476	-0.443368
258.5	102.5	-0.271476	-0.452572
261.5	107.5	-0.271476	-0.469446
263.5	103.5	-0.271476	-0.474048
266.5	103.5	-0.271476	-0.474048
265.5	105.5	-0.271476	-0.475582
267.5	103.5	-0.271476	-0.47865
269.5	103.5	-0.271476	-0.492456
272.5	107.5	-0.271476	-0.495524
274.5	102.5	-0.271476	-0.495524
272.5	103.5	-0.271476	-0.498592
274.5	103.5	-0.271476	-0.520068
280.5	104.5	-0.271476	-0.52467
281.5	104.5	-0.271476	-0.52467
280.5	105.5	-0.271476	-0.52467
282.5	105.5	-0.269942	-0.52467
281.5	107.5	-0.26534	-0.52467
281.5	109.5	-0.262272	-0.52467
280.5	111.5	-0.262272	-0.52467
279.5	111.5	-0.262272	-0.52467
275.5	113.5	-0.239262	-0.52467
279.5	114.5	-0.222388	-0.52467
275.5	122.5	-0.210116	-0.52467
276.5	125.5	-0.202446	-0.52467
274.5	126.5	-0.199378	-0.52467
273.5	127.5	-0.199378	-0.52467
275.5	124.5	-0.197844	-0.52467
274.5	123.5	-0.199378	-0.520068
272.5	124.5	-0.197844	-0.518534
271.5	124.5	-0.199378	-0.512398
267.5	123.5	-0.199378	-0.495524
265.5	122.5	-0.199378	-0.49399
264.5	123.5	-0.197844	-0.483252
259.5	123.5	-0.199378	-0.475582
259.5	124.5	-0.197844	-0.474048
258.5	122.5	-0.197844	-0.47098
248.5	127.5	-0.197844	-0.460242
251.5	125.5	-0.197844	-0.441834
248.5	124.5	-0.197844	-0.441834
250.5	119.5	-0.197844	-0.441834
247.5	124.5	-0.197844	-0.4403
249.5	116.5	-0.197844	-0.428028
242.5	123.5	-0.197844	-0.414222
238.5	125.5	-0.199378	-0.403484
235.5	123.5	-0.197844	-0.40195
236.5	123.5	-0.197844	-0.40195
235.5	123.5	-0.197844	-0.398882
235.5	124.5	-0.197844	-0.39428
231.5	121.5	-0.197844	-0.389678
229.5	123.5	-0.197844	-0.38661
227.5	121.5	-0.197844	-0.380474
224.5	123.5	-0.19631	-0.369736
223.5	124.5	-0.19631	-0.369736
225.5	127.5	-0.194776	-0.366668
222.5	124.5	-0.194776	-0.357464
218.5	122.5	-0.19631	-0.345192
213.5	121.5	-0.194776	-0.34059
216.5	124.5	-0.194776	-0.34059
215.5	122.5	-0.194776	-0.331386
213.5	125.5	-0.194776	-0.319114
208.5	125.5	-0.194776	-0.308376
211.5	123.5	-0.194776	-0.308376
207.5	123.5	-0.194776	-0.306842
204.5	122.5	-0.19631	-0.306842
205.5	126.5	-0.194776	-0.303774
201.5	126.5	-0.194776	-0.293036
199.5	125.5	-0.194776	-0.266958
191.5	123.5	-0.194776	-0.26389
192.5	128.5	-0.194776	-0.26389
194.5	126.5	-0.194776	-0.262356
193.5	125.5	-0.194776	-0.257754
192.5	127.5	-0.193242	-0.24855
188.5	128.5	-0.191708	-0.234744
181.5	125.5	-0.191708	-0.227074
181.5	126.5	-0.191708	-0.22554
180.5	124.5	-0.190174	-0.22554
181.5	129.5	-0.190174	-0.227074
181.5	129.5	-0.18864	-0.22554
182.5	132.5	-0.187106	-0.224006
177.5	126.5	-0.18097	-0.21787
179.5	131.5	-0.18097	-0.213268
175.5	131.5	-0.18097	-0.207132
174.5	128.5	-0.18097	-0.204064
171.5	127.5	-0.179436	-0.197928
170.5	130.5	-0.179436	-0.19486
170.5	132.5	-0.179436	-0.191792
169.5	133.5	-0.179436	-0.190258
168.5	132.5	-0.179436	-0.185656
164.5	131.5	-0.179436	-0.176452
165.5	132.5	-0.179436	-0.170316
158.5	128.5	-0.179436	-0.170316
162.5	132.5	-0.179436	-0.170316
160.5	130.5	-0.179436	-0.168782
160.5	131.5	-0.179436	-0.161112
156.5	131.5	-0.179436	-0.151908
155.5	131.5	-0.179436	-0.14117
152.5	131.5	-0.179436	-0.131966
150.5	135.5	-0.179436	-0.124296
149.5	133.5	-0.18097	-0.11049
144.5	136.5	-0.179436	-0.107422
142.5	132.5	-0.18097	-0.10282
140.5	136.5	-0.179436	-0.0997519
137.5	129.5	-0.18097	-0.093616
136.5	131.5	-0.179436	-0.0844119
137.5	135.5	-0.18097	-0.0782759
134.5	136.5	-0.179436	-0.073674
130.5	137.5	-0.18097	-0.067538
129.5	134.5	-0.179436	-0.0614018
128.5	139.5	-0.179436	-0.0583339
128.5	139.5	-0.18097	-0.0537319
123.5	133.5	-0.179436	-0.0521979
123.5	132.5	-0.179436	-0.046062
124.5	142.5	-0.18097	-0.0399261
121.5	139.5	-0.18097	-0.0353239
117.5	133.5	-0.179436	-0.0261199
116.5	133.5	-0.18097	-0.024586
116.5	141.5	-0.179436	-0.024586
116.5	141.5	-0.179436	-0.024586
115.5	137.5	-0.18097	-0.021518
113.5	138.5	-0.18097	-0.0107799
107.5	132.5	-0.179436	-0.00157595
104.5	134.5	-0.18097	0.00609398
102.5	141.5	-0.179436	0.0122299
100.5	131.5	-0.179436	0.0152981
99.5	136.5	-0.18097	0.0168321
99.5	135.5	-0.179436	0.0183661
101.5	140.5	-0.179436	0.0199001
97.5	134.5	-0.18097	0.0229681
100.5	146.5	-0.18097	0.029104
94.5	134.5	-0.18097	0.0429101
90.5	137.5	-0.179436	0.049046
80.5	136.5	-0.179436	0.055182
85.5	133.5	-0.18097	0.0613179
81.5	135.5	-0.18097	0.0643861
83.5	133.5	-0.18097	0.0720561
77.5	135.5	-0.18097	0.075124
73.5	127.5	-0.18097	0.082794
77.5	143.5	-0.18097	0.0904641
72.5	137.5	-0.18097	0.101202
70.5	148.5	-0.18097	0.116542
65.5	136.5	-0.18097	0.116542
64.5	137.5	-0.18097	0.118076
60.5	135.5	-0.18097	0.122678
61.5	140.5	-0.18097	0.12728
57.5	141.5	-0.18097	0.144154
55.5	134.5	-0.18097	0.145688
51.5	134.5	-0.18097	0.147222
49.5	141.5	-0.18097	0.147222
51.5	135.5	-0.18097	0.147222
51.5	143.5	-0.18097	0.147222
52.5	151.5	-0.176368	0.147222
50.5	145.5	-0.16563	0.147222
58.5	149.5	-0.151824	0.145688
54.5	160.5	-0.131882	0.147222
55.5	160.5	-0.121144	0.147222
53.5	167.5	-0.115008	0.145688
55.5	173.5	-0.11194	0.145688
55.5	171.5	-0.11194	0.145688
57.5	169.5	-0.11194	0.14262
60.5	168.5	-0.11194	0.136484
62.5	165.5	-0.11194	0.12728
72.5	177.5	-0.11194	0.11961
70.5	167.5	-0.11194	0.113474
71.5	163.5	-0.11194	0.098134
74.5	160.5	-0.11194	0.0843279
83.5	166.5	-0.113474	0.0720561
90.5	164.5	-0.113474	0.0643861
89.5	162.5	-0.113474	0.0613179
94.5	167.5	-0.113474	0.053648
94.5	161.5	-0.11194	0.05058
93.5	157.5	-0.11194	0.0459781
94.5	159.5	-0.11194	0.0444441
92.5	154.5	-0.113474	0.0444441
98.5	161.5	-0.113474	0.0413761
97.5	155.5	-0.113474	0.0367742
99.5	160.5	-0.113474	0.032172
103.5	153.5	-0.113474	0.0229681
109.5	159.5	-0.113474	0.0106959
107.5	152.5	-0.116542	0.00455999
109.5	155.5	-0.116542	-4.19617e-05
113.5	157.5	-0.116542	-0.00157595
112.5	153.5	-0.116542	-0.00464392
111.5	151.5	-0.116542	-0.0107799
112.5	150.5	-0.116542	-0.021518
121.5	161.5	-0.116542	-0.0261199
123.5	158.5	-0.116542	-0.0353239
125.5	158.5	-0.118076	-0.046062
129.5	154.5	-0.116542	-0.0521979
132.5	154.5	-0.118076	-0.0583339
132.5	157.5	-0.118076	-0.0598679
132.5	156.5	-0.118076	-0.0598679
132.5	153.5	-0.118076	-0.0614018
133.5	148.5	-0.118076	-0.0614018
135.5	156.5	-0.118076	-0.0644701
135.5	147.5	-0.118076	-0.0813439
138.5	149.5	-0.118076	-0.0859461
143.5	153.5	-0.118076	-0.093616
139.5	142.5	-0.118076	-0.096684
143.5	155.5	-0.118076	-0.098218
145.5	150.5	-0.11961	-0.0997519
144.5	146.5	-0.11961	-0.101286
148.5	152.5	-0.121144	-0.104354
146.5	148.5	-0.121144	-0.11049
153.5	155.5	-0.121144	-0.119694
155.5	149.5	-0.121144	-0.135034
157.5	148.5	-0.121144	-0.139636
155.5	146.5	-0.122678	-0.142704
157.5	148.5	-0.121144	-0.145772
158.5	148.5	-0.122678	-0.150374
162.5	145.5	-0.122678	-0.153442
161.5	145.5	-0.122678	-0.151908
161.5	146.5	-0.122678	-0.15651
161.5	141.5	-0.122678	-0.161112
170.5	145.5	-0.122678	-0.173384
172.5	145.5	-0.122678	-0.18719
173.5	145.5	-0.122678	-0.18719
169.5	133.5	-0.122678	-0.188724
173.5	147.5	-0.122678	-0.188724
174.5	144.5	-0.122678	-0.188724
173.5	145.5	-0.122678	-0.191792
173.5	144.5	-0.122678	-0.20253
177.5	133.5	-0.122678	-0.205598
180.5	147.5	-0.122678	-0.205598
177.5	143.5	-0.122678	-0.207132
177.5	142.5	-0.122678	-0.208666
179.5	144.5	-0.121144	-0.220938
184.5	147.5	-0.122678	-0.228608
186.5	143.5	-0.122678	-0.231676
188.5	145.5	-0.122678	-0.237812
186.5	137.5	-0.122678	-0.24855
194.5	144.5	-0.122678	-0.262356
195.5	139.5	-0.121144	-0.26389
197.5	144.5	-0.122678	-0.266958
200.5	145.5	-0.122678	-0.274628
200.5	141.5	-0.122678	-0.2869
208.5	146.5	-0.122678	-0.29457
204.5	135.5	-0.121144	-0.296104
205.5	143.5	-0.122678	-0.296104
206.5	138.5	-0.121144	-0.299172
205.5	143.5	-0.121144	-0.305308
209.5	139.5	-0.121144	-0.316046
212.5	142.5	-0.122678	-0.31758
212.5	142.5	-0.122678	-0.316046
210.5	140.5	-0.122678	-0.31758
215.5	146.5	-0.122678	-0.320648
207.5	146.5	-0.122678	-0.335988
221.5	143.5	-0.122678	-0.34059
218.5	138.5	-0.122678	-0.34059
217.5	138.5	-0.122678	-0.34059
220.5	140.5	-0.121144	-0.342124
219.5	141.5	-0.122678	-0.351328
222.5	139.5	-0.122678	-0.354396
223.5	140.5	-0.122678	-0.35593
226.5	144.5	-0.122678	-0.357464
227.5	144.5	-0.122678	-0.357464
224.5	140.5	-0.121144	-0.3636
230.5	144.5	-0.122678	-0.37894
232.5	138.5	-0.122678	-0.391212
237.5	141.5	-0.122678	-0.391212
236.5	138.5	-0.121144	-0.392746
238.5	146.5	-0.122678	-0.397348
236.5	140.5	-0.122678	-0.405018
243.5	141.5	-0.121144	-0.412688
243.5	142.5	-0.122678	-0.418824
244.5	136.5	-0.121144	-0.426494
247.5	137.5	-0.122678	-0.435698
247.5	138.5	-0.122678	-0.437232
248.5	141.5	-0.122678	-0.438766
247.5	140.5	-0.122678	-0.438766
250.5	141.5	-0.122678	-0.443368
253.5	140.5	-0.122678	-0.46331
258.5	140.5	-0.121144	-0.475582
262.5	138.5	-0.122678	-0.484786
264.5	139.5	-0.122678	-0.489388
266.5	142.5	-0.121144	-0.49399
264.5	139.5	-0.122678	-0.495524
267.5	140.5	-0.122678	-0.497058
265.5	137.5	-0.121144	-0.506262
270.5	138.5	-0.122678	-0.520068
275.5	138.5	-0.122678	-0.53234
276.5	138.5	-0.122678	-0.53234
276.5	138.5	-0.122678	-0.533874
277.5	137.5	-0.122678	-0.535408
277.5	137.5	-0.121144	-0.543078
281.5	139.5	-0.122678	-0.546146
281.5	138.5	-0.121144	-0.546146
279.5	139.5	-0.121144	-0.54768
281.5	139.5	-0.11961	-0.54768
279.5	143.5	-0.115008	-0.54768
282.5	147.5	-0.0935321	-0.54768
278.5	153.5	-0.08126	-0.54768
278.5	151.5	-0.0705221	-0.54768
278.5	153.5	-0.055182	-0.54768
278.5	161.5	-0.0413761	-0.54768
276.5	165.5	-0.024502	-0.546146
276.5	165.5	-0.0214341	-0.546146
273.5	171.5	-0.0168321	-0.546146
276.5	166.5	-0.00762796	-0.546146
272.5	168.5	-0.00762796	-0.546146
270.5	169.5	-0.00762796	-0.543078
273.5	169.5	-0.00609398	-0.538476
271.5	167.5	-0.00762796	-0.529272
265.5	167.5	-0.00762796	-0.518534
264.5	167.5	-0.00609398	-0.504728
259.5	167.5	-0.00762796	-0.50166
260.5	165.5	-0.00762796	-0.490922
256.5	169.5	-0.00762796	-0.481718
252.5	166.5	-0.00762796	-0.469446
248.5	172.5	-0.00762796	-0.45564
246.5	173.5	-0.00762796	-0.4403
244.5	169.5	-0.00762796	-0.426494
238.5	168.5	-0.00762796	-0.415756
235.5	174.5	-0.00762796	-0.412688
234.5	174.5	-0.00762796	-0.403484
231.5	169.5	-0.00609398	-0.403484
232.5	175.5	-0.00762796	-0.403484
232.5	171.5	-0.00609398	-0.397348
229.5	174.5	-0.00762796	-0.391212
221.5	168.5	-0.00609398	-0.37127
222.5	176.5	-0.00609398	-0.369736
222.5	176.5	-0.00609398	-0.369736
224.5	173.5	-0.00609398	-0.368202
220.5	173.5	-0.00609398	-0.3636
219.5	173.5	-0.00762796	-0.349794
215.5	174.5	-0.00609398	-0.342124
209.5	170.5	-0.00609398	-0.329852
207.5	173.5	-0.00609398	-0.31758
201.5	165.5	-0.00609398	-0.311444
206.5	176.5	-0.00762796	-0.308376
199.5	172.5	-0.00609398	-0.296104
197.5	175.5	-0.00609398	-0.280764
194.5	172.5	-0.00609398	-0.268492
189.5	176.5	-0.00609398	-0.251618
186.5	175.5	-0.00609398	-0.250084
185.5	173.5	-0.00609398	-0.24088
180.5	175.5	-0.00609398	-0.230142
179.5	173.5	-0.00609398	-0.219404
171.5	177.5	-0.00609398	-0.208666
172.5	177.5	-0.00609398	-0.208666
174.5	177.5	-0.00609398	-0.207132
169.5	174.5	-0.00609398	-0.199462
168.5	178.5	-0.00609398	-0.190258
168.5	179.5	-0.00609398	-0.181054
163.5	177.5	-0.00609398	-0.181054
165.5	182.5	-0.00609398	-0.177986
165.5	180.5	-0.00609398	-0.176452
163.5	181.5	-0.00609398	-0.15651
160.5	183.5	-0.00609398	-0.145772
156.5	187.5	-0.00609398	-0.1335
147.5	174.5	-0.00609398	-0.128898
149.5	185.5	-0.00609398	-0.121228
145.5	183.5	-0.00609398	-0.112024
146.5	185.5	-0.00609398	-0.108956
144.5	186.5	-0.00609398	-0.10282
142.5	185.5	-0.00609398	-0.096684
138.5	188.5	-0.00609398	-0.0844119
136.5	187.5	-0.00609398	-0.0798099
137.5	186.5	-0.00609398	-0.0798099
136.5	190.5	-0.00609398	-0.0782759
134.5	186.5	-0.00609398	-0.0767419
133.5	190.5	-0.00609398	-0.069072
133.5	187.5	-0.00609398	-0.0629361
131.5	188.5	-0.00609398	-0.0537319
126.5	191.5	-0.00609398	-0.042994
123.5	191.5	-0.00609398	-0.0353239
119.5	186.5	-0.00609398	-0.0307219
117.5	189.5	-0.00609398	-0.023052
116.5	189.5	-0.00609398	-0.01845
112.5	187.5	-0.00609398	-0.0123138
114.5	192.5	-0.00762796	-0.00924587
111.5	191.5	-0.00762796	-4.19617e-05
109.5	192.5	-0.00762796	0.00149202
110.5	193.5	-0.00762796	0.00149202
109.5	190.5	-0.00762796	0.00149202
104.5	187.5	-0.00762796	0.00302601
108.5	192.5	-0.00916195	0.0106959
105.5	193.5	-0.00916195	0.0152981
101.5	191.5	-0.00916195	0.0229681
98.5	191.5	-0.00916195	0.029104
99.5	195.5	-0.00916195	0.0337059
97.5	196.5	-0.00762796	0.0413761
95.5	192.5	-0.00762796	0.05058
104.5	214.5	-0.00762796	0.056716
91.5	200.5	-0.00916195	0.05825
87.5	193.5	-0.00762796	0.0628521
85.5	196.5	-0.00916195	0.0628521
89.5	198.5	-0.00916195	0.0659201
79.5	188.5	-0.00916195	0.0689881
80.5	195.5	-0.00916195	0.08126
83.5	201.5	-0.00916195	0.0843279
83.5	201.5	-0.00916195	0.0858622
83.5	201.5	-0.00762796	0.0889301
82.5	221.5	-0.00916195	0.0950661
75.5	204.5	-0.00916195	0.107338
75.5	204.5	-0.00762796	0.11194
72.5	193.5	-0.00916195	0.115008
72.5	193.5	-0.00916195	0.118076
72.5	193.5	-0.00762796	0.125746
69.5	205.5	-0.00916195	0.128814
56.5	208.5	-0.00916195	0.136484
56.5	208.5	-0.00762796	0.14262
56.5	208.5	-0.00916195	0.148756
58.5	191.5	-0.00916195	0.153358
61.5	207.5	-0.00916195	0.161028
61.5	207.5	-0.00916195	0.162562
61.5	207.5	-0.00762796	0.162562
