inputs: 2 outputs: 2
pos_x	pos_y	s_pitch		s_roll

---
163.5	237.5	0.1335	-0.17952
165.5	225.5	0.10282	-0.185656
165.5	225.5	0.07214	-0.18719
163.5	194.5	0.04146	-0.18719
161.5	195.5	-0.00302601	-0.18719
163.5	190.5	-0.0229681	-0.18719
161.5	183.5	-0.052114	-0.18719
162.5	168.5	-0.078192	-0.18719
162.5	159.5	-0.110406	-0.18719
163.5	144.5	-0.15029	-0.18719
162.5	137.5	-0.177902	-0.18719
162.5	129.5	-0.210116	-0.18719
164.5	118.5	-0.240796	-0.18719
164.5	103.5	-0.297554	-0.18719
167.5	93.5	-0.312894	-0.18719
167.5	84.5	-0.33437	-0.18719
165.5	76.5	-0.351244	-0.18719
172.5	65.5	-0.363516	-0.18719
172.5	68.5	-0.369652	-0.18719
177.5	67.5	-0.397264	-0.219404
186.5	56.5	-0.41874	-0.224006
186.5	47.5	-0.438682	-0.224006
189.5	41.5	-0.454022	-0.224006
186.5	32.5	-0.470896	-0.224006
213.5	49.5	-0.492372	-0.224006
195.5	26.5	-0.492372	-0.224006
190.5	23.5	-0.492372	-0.227074
195.5	29.5	-0.492372	-0.236278
195.5	24.5	-0.492372	-0.24855
205.5	27.5	-0.492372	-0.270026
221.5	28.5	-0.492372	-0.319114
230.5	18.5	-0.492372	-0.34059
234.5	24.5	-0.492372	-0.360532
244.5	29.5	-0.49544	-0.366668
250.5	20.5	-0.496974	-0.383542
256.5	32.5	-0.500042	-0.426494
268.5	26.5	-0.501576	-0.44797
275.5	27.5	-0.504644	-0.47098
280.5	36.5	-0.506178	-0.483252
287.5	33.5	-0.509246	-0.497058
291.5	33.5	-0.519984	-0.517
296.5	30.5	-0.524586	-0.52467
298.5	32.5	-0.527654	-0.52467
301.5	28.5	-0.527654	-0.523136
296.5	30.5	-0.527654	-0.523136
298.5	29.5	-0.52612	-0.512398
294.5	29.5	-0.527654	-0.500126
293.5	26.5	-0.527654	-0.484786
285.5	26.5	-0.527654	-0.475582
279.5	26.5	-0.52612	-0.47098
276.5	26.5	-0.52612	-0.454106
274.5	25.5	-0.52612	-0.4403
270.5	21.5	-0.527654	-0.42496
264.5	18.5	-0.527654	-0.406552
260.5	21.5	-0.527654	-0.38661
248.5	20.5	-0.527654	-0.35593
238.5	15.5	-0.52612	-0.343658
239.5	21.5	-0.52612	-0.331386
230.5	13.5	-0.52612	-0.314512
229.5	22.5	-0.52612	-0.296104
208.5	31.5	-0.527654	-0.277696
209.5	15.5	-0.52612	-0.242414
199.5	15.5	-0.52612	-0.224006
189.5	15.5	-0.523052	-0.208666
186.5	16.5	-0.521518	-0.197928
182.5	15.5	-0.519984	-0.181054
173.5	18.5	-0.516916	-0.161112
169.5	26.5	-0.515382	-0.15651
171.5	11.5	-0.51078	-0.142704
171.5	11.5	-0.509246	-0.1335
152.5	14.5	-0.504644	-0.11816
151.5	12.5	-0.498508	-0.09515
143.5	28.5	-0.493906	-0.0844119
135.5	19.5	-0.489304	-0.07214
134.5	26.5	-0.484702	-0.0614018
134.5	26.5	-0.481634	-0.0521979
111.5	34.5	-0.477032	-0.0353239
112.5	32.5	-0.475498	-0.0322559
140.5	60.5	-0.473964	-0.024586
116.5	28.5	-0.470896	-0.0138481
98.5	39.5	-0.470896	-0.00157595
91.5	28.5	-0.469362	0.00609398
94.5	29.5	-0.470896	0.024502
88.5	30.5	-0.469362	0.030638
83.5	36.5	-0.470896	0.0352399
91.5	36.5	-0.470896	0.0398421
81.5	26.5	-0.470896	0.049046
81.5	36.5	-0.470896	0.056716
76.5	36.5	-0.470896	0.0659201
42.5	52.5	-0.469362	0.0705221
36.5	51.5	-0.469362	0.076658
40.5	55.5	-0.469362	0.079726
38.5	52.5	-0.469362	0.079726
42.5	54.5	-0.469362	0.08126
35.5	50.5	-0.469362	0.0843279
42.5	57.5	-0.469362	0.0873961
34.5	61.5	-0.452488	0.0919981
34.5	63.5	-0.443284	0.0919981
33.5	63.5	-0.429478	0.0919981
34.5	72.5	-0.41874	0.0919981
63.5	71.5	-0.41107	0.0919981
61.5	65.5	-0.394196	0.0919981
63.5	68.5	-0.389594	0.0919981
62.5	78.5	-0.383458	0.0904641
66.5	67.5	-0.38039	0.0858622
63.5	85.5	-0.378856	0.078192
75.5	79.5	-0.377322	0.049046
83.5	65.5	-0.375788	0.0429101
87.5	64.5	-0.374254	0.0413761
88.5	66.5	-0.374254	0.0367742
95.5	68.5	-0.37272	0.026036
99.5	66.5	-0.37272	-0.00310993
106.5	68.5	-0.37272	-0.0138481
107.5	68.5	-0.37272	-0.0261199
111.5	63.5	-0.37272	-0.0353239
125.5	62.5	-0.37272	-0.04913
127.5	62.5	-0.37272	-0.067538
136.5	60.5	-0.37272	-0.0767419
137.5	62.5	-0.37272	-0.0859461
141.5	63.5	-0.37272	-0.093616
143.5	62.5	-0.37272	-0.10282
150.5	54.5	-0.37272	-0.12583
149.5	60.5	-0.37272	-0.136568
155.5	63.5	-0.37272	-0.147306
161.5	59.5	-0.37272	-0.15651
167.5	59.5	-0.37272	-0.168782
170.5	60.5	-0.374254	-0.18719
175.5	60.5	-0.37272	-0.197928
183.5	59.5	-0.37272	-0.208666
185.5	58.5	-0.374254	-0.216336
191.5	58.5	-0.37272	-0.220938
193.5	59.5	-0.37272	-0.245482
198.5	59.5	-0.37272	-0.260822
207.5	57.5	-0.37272	-0.280764
213.5	57.5	-0.374254	-0.297638
219.5	57.5	-0.374254	-0.308376
221.5	59.5	-0.375788	-0.314512
222.5	54.5	-0.378856	-0.320648
229.5	57.5	-0.38039	-0.33292
232.5	58.5	-0.381924	-0.34059
236.5	53.5	-0.383458	-0.368202
245.5	56.5	-0.383458	-0.382008
247.5	57.5	-0.383458	-0.391212
254.5	58.5	-0.383458	-0.405018
258.5	56.5	-0.383458	-0.41729
259.5	60.5	-0.383458	-0.446436
263.5	57.5	-0.383458	-0.46331
271.5	61.5	-0.383458	-0.477116
273.5	61.5	-0.383458	-0.481718
276.5	60.5	-0.383458	-0.484786
275.5	65.5	-0.383458	-0.490922
277.5	64.5	-0.383458	-0.497058
279.5	64.5	-0.383458	-0.498592
280.5	59.5	-0.378856	-0.498592
276.5	69.5	-0.374254	-0.498592
278.5	71.5	-0.36505	-0.500126
276.5	72.5	-0.355846	-0.500126
277.5	76.5	-0.343574	-0.498592
274.5	83.5	-0.328234	-0.498592
275.5	84.5	-0.317496	-0.498592
268.5	89.5	-0.30369	-0.492456
267.5	93.5	-0.299088	-0.47865
261.5	93.5	-0.299088	-0.461776
254.5	91.5	-0.299088	-0.451038
260.5	86.5	-0.299088	-0.444902
255.5	88.5	-0.299088	-0.435698
245.5	90.5	-0.299088	-0.403484
241.5	91.5	-0.299088	-0.39428
233.5	90.5	-0.299088	-0.377406
230.5	90.5	-0.299088	-0.3636
224.5	88.5	-0.299088	-0.349794
224.5	101.5	-0.299088	-0.31758
210.5	89.5	-0.299088	-0.30224
202.5	87.5	-0.299088	-0.291502
200.5	86.5	-0.299088	-0.274628
192.5	85.5	-0.299088	-0.251618
188.5	84.5	-0.299088	-0.231676
181.5	84.5	-0.299088	-0.213268
173.5	87.5	-0.299088	-0.19486
167.5	84.5	-0.299088	-0.177986
161.5	88.5	-0.299088	-0.165714
160.5	91.5	-0.299088	-0.153442
151.5	88.5	-0.299088	-0.139636
144.5	87.5	-0.299088	-0.122762
138.5	91.5	-0.299088	-0.107422
132.5	94.5	-0.299088	-0.0874801
128.5	90.5	-0.299088	-0.066004
127.5	95.5	-0.299088	-0.0552659
120.5	88.5	-0.299088	-0.04913
115.5	92.5	-0.299088	-0.0353239
112.5	99.5	-0.297554	-0.0261199
108.5	97.5	-0.29602	-0.00464392
102.5	93.5	-0.29602	0.00609398
98.5	97.5	-0.29602	0.0122299
92.5	103.5	-0.29602	0.024502
87.5	94.5	-0.29602	0.053648
82.5	93.5	-0.29602	0.0613179
75.5	92.5	-0.29602	0.0689881
73.5	90.5	-0.29602	0.076658
67.5	98.5	-0.29602	0.078192
69.5	105.5	-0.292952	0.078192
68.5	96.5	-0.276078	0.078192
72.5	109.5	-0.26534	0.078192
69.5	111.5	-0.25767	0.078192
73.5	105.5	-0.251534	0.078192
76.5	117.5	-0.246932	0.078192
75.5	121.5	-0.239262	0.076658
71.5	121.5	-0.239262	0.075124
74.5	120.5	-0.237728	0.0689881
75.5	118.5	-0.237728	0.0597839
83.5	117.5	-0.237728	0.032172
89.5	120.5	-0.237728	0.02757
94.5	114.5	-0.237728	0.0152981
102.5	118.5	-0.237728	-4.19617e-05
109.5	116.5	-0.236194	-0.0123138
113.5	118.5	-0.237728	-0.0399261
120.5	117.5	-0.237728	-0.0552659
126.5	111.5	-0.236194	-0.0644701
131.5	114.5	-0.237728	-0.0828779
138.5	112.5	-0.237728	-0.0997519
140.5	118.5	-0.237728	-0.113558
147.5	115.5	-0.237728	-0.128898
152.5	110.5	-0.236194	-0.144238
156.5	108.5	-0.237728	-0.167248
161.5	107.5	-0.237728	-0.177986
168.5	107.5	-0.237728	-0.190258
173.5	105.5	-0.237728	-0.20253
175.5	111.5	-0.237728	-0.211734
179.5	111.5	-0.237728	-0.230142
183.5	105.5	-0.237728	-0.243948
187.5	107.5	-0.237728	-0.25622
196.5	108.5	-0.237728	-0.266958
192.5	111.5	-0.237728	-0.280764
196.5	106.5	-0.237728	-0.289968
204.5	108.5	-0.237728	-0.297638
208.5	104.5	-0.237728	-0.31758
205.5	112.5	-0.237728	-0.322182
213.5	107.5	-0.237728	-0.331386
220.5	105.5	-0.237728	-0.34059
223.5	107.5	-0.237728	-0.351328
223.5	106.5	-0.240796	-0.358998
227.5	109.5	-0.24233	-0.362066
227.5	105.5	-0.243864	-0.37127
229.5	107.5	-0.243864	-0.37894
236.5	106.5	-0.243864	-0.389678
236.5	105.5	-0.245398	-0.403484
241.5	104.5	-0.245398	-0.415756
246.5	105.5	-0.245398	-0.438766
254.5	106.5	-0.245398	-0.451038
254.5	105.5	-0.245398	-0.45564
259.5	104.5	-0.25	-0.47098
264.5	103.5	-0.25	-0.481718
264.5	104.5	-0.25	-0.490922
266.5	105.5	-0.25	-0.490922
264.5	110.5	-0.245398	-0.490922
272.5	107.5	-0.24233	-0.489388
263.5	112.5	-0.237728	-0.490922
263.5	114.5	-0.22699	-0.490922
264.5	116.5	-0.21165	-0.489388
263.5	124.5	-0.187106	-0.489388
263.5	127.5	-0.179436	-0.489388
260.5	128.5	-0.174834	-0.489388
259.5	131.5	-0.170232	-0.48632
255.5	132.5	-0.170232	-0.464844
255.5	128.5	-0.170232	-0.454106
246.5	129.5	-0.170232	-0.443368
251.5	118.5	-0.170232	-0.438766
241.5	125.5	-0.170232	-0.429562
237.5	130.5	-0.170232	-0.40195
231.5	129.5	-0.170232	-0.39428
224.5	126.5	-0.170232	-0.380474
223.5	126.5	-0.170232	-0.366668
218.5	124.5	-0.170232	-0.34059
213.5	126.5	-0.170232	-0.326784
205.5	126.5	-0.170232	-0.312978
202.5	129.5	-0.170232	-0.30224
189.5	130.5	-0.170232	-0.27156
187.5	131.5	-0.170232	-0.254686
181.5	130.5	-0.170232	-0.234744
175.5	130.5	-0.170232	-0.21787
173.5	128.5	-0.170232	-0.207132
158.5	126.5	-0.170232	-0.173384
157.5	129.5	-0.170232	-0.159578
151.5	133.5	-0.170232	-0.147306
148.5	128.5	-0.170232	-0.1335
144.5	134.5	-0.170232	-0.12583
137.5	130.5	-0.170232	-0.093616
131.5	135.5	-0.170232	-0.0767419
126.5	136.5	-0.170232	-0.0598679
120.5	137.5	-0.170232	-0.044528
117.5	136.5	-0.170232	-0.0337899
111.5	138.5	-0.170232	-0.0138481
104.5	135.5	-0.170232	-4.19617e-05
98.5	139.5	-0.170232	0.0137641
88.5	143.5	-0.170232	0.026036
85.5	135.5	-0.171766	0.0459781
79.5	139.5	-0.171766	0.052114
80.5	135.5	-0.171766	0.05825
78.5	143.5	-0.171766	0.0628521
76.5	138.5	-0.171766	0.0659201
72.5	139.5	-0.171766	0.078192
69.5	142.5	-0.171766	0.0858622
66.5	134.5	-0.171766	0.0904641
63.5	142.5	-0.171766	0.0950661
64.5	138.5	-0.170232	0.098134
65.5	145.5	-0.164096	0.098134
65.5	144.5	-0.153358	0.098134
63.5	155.5	-0.145688	0.098134
70.5	153.5	-0.133416	0.098134
74.5	156.5	-0.116542	0.0966001
66.5	170.5	-0.099668	0.098134
68.5	176.5	-0.0935321	0.098134
63.5	175.5	-0.0919981	0.0966001
63.5	175.5	-0.0919981	0.0950661
70.5	170.5	-0.0919981	0.0858622
71.5	171.5	-0.0919981	0.07359
74.5	173.5	-0.0919981	0.0689881
85.5	172.5	-0.0935321	0.0613179
85.5	170.5	-0.0935321	0.05058
91.5	166.5	-0.0935321	0.0352399
92.5	166.5	-0.0950661	0.026036
91.5	160.5	-0.098134	0.0168321
97.5	163.5	-0.099668	0.00916195
107.5	152.5	-0.099668	-0.00157595
110.5	157.5	-0.099668	-0.016916
109.5	160.5	-0.099668	-0.0276539
116.5	159.5	-0.101202	-0.0383921
123.5	159.5	-0.101202	-0.0506639
127.5	155.5	-0.101202	-0.069072
132.5	151.5	-0.101202	-0.0813439
139.5	153.5	-0.10427	-0.09515
139.5	145.5	-0.107338	-0.11049
146.5	153.5	-0.108872	-0.122762
151.5	148.5	-0.110406	-0.1335
148.5	147.5	-0.110406	-0.14117
153.5	143.5	-0.110406	-0.15651
158.5	142.5	-0.110406	-0.170316
160.5	145.5	-0.110406	-0.181054
167.5	147.5	-0.110406	-0.190258
173.5	144.5	-0.110406	-0.20253
176.5	144.5	-0.110406	-0.213268
176.5	146.5	-0.11194	-0.237812
182.5	144.5	-0.11194	-0.245482
186.5	141.5	-0.113474	-0.25622
190.5	144.5	-0.113474	-0.27156
200.5	140.5	-0.115008	-0.30224
198.5	141.5	-0.116542	-0.312978
209.5	140.5	-0.116542	-0.319114
210.5	144.5	-0.116542	-0.329852
215.5	134.5	-0.118076	-0.34059
213.5	138.5	-0.125746	-0.343658
218.5	137.5	-0.125746	-0.34826
218.5	138.5	-0.125746	-0.35593
222.5	140.5	-0.125746	-0.3636
225.5	138.5	-0.125746	-0.375872
232.5	138.5	-0.125746	-0.40195
235.5	138.5	-0.125746	-0.412688
241.5	138.5	-0.125746	-0.431096
245.5	138.5	-0.125746	-0.444902
258.5	124.5	-0.125746	-0.454106
256.5	137.5	-0.125746	-0.47098
260.5	138.5	-0.125746	-0.490922
264.5	136.5	-0.125746	-0.50166
268.5	135.5	-0.125746	-0.513932
268.5	138.5	-0.125746	-0.521602
275.5	134.5	-0.125746	-0.527738
276.5	135.5	-0.125746	-0.527738
271.5	141.5	-0.122678	-0.527738
273.5	144.5	-0.116542	-0.527738
272.5	141.5	-0.107338	-0.527738
272.5	149.5	-0.102736	-0.527738
270.5	151.5	-0.082794	-0.527738
272.5	152.5	-0.0705221	-0.527738
268.5	156.5	-0.0628521	-0.527738
272.5	156.5	-0.0613179	-0.527738
266.5	155.5	-0.0613179	-0.50166
259.5	155.5	-0.0613179	-0.484786
251.5	158.5	-0.0613179	-0.474048
249.5	155.5	-0.0613179	-0.458708
244.5	155.5	-0.0613179	-0.444902
239.5	153.5	-0.0613179	-0.414222
231.5	157.5	-0.0643861	-0.39428
225.5	156.5	-0.0643861	-0.374338
218.5	154.5	-0.0643861	-0.358998
213.5	157.5	-0.0643861	-0.34826
206.5	157.5	-0.0674541	-0.314512
202.5	157.5	-0.0674541	-0.293036
197.5	158.5	-0.0674541	-0.277696
189.5	158.5	-0.0674541	-0.257754
179.5	158.5	-0.0674541	-0.234744
172.5	158.5	-0.0674541	-0.197928
165.5	159.5	-0.0674541	-0.17952
154.5	158.5	-0.0674541	-0.16418
150.5	166.5	-0.0674541	-0.142704
143.5	167.5	-0.0674541	-0.11816
131.5	164.5	-0.0674541	-0.0997519
128.5	166.5	-0.0674541	-0.069072
125.5	169.5	-0.0674541	-0.0567999
120.5	172.5	-0.0674541	-0.042994
113.5	169.5	-0.0674541	-0.0337899
104.5	175.5	-0.0674541	-0.019984
105.5	172.5	-0.0674541	0.00916195
96.5	174.5	-0.0674541	0.0168321
94.5	176.5	-0.0674541	0.02757
88.5	170.5	-0.0674541	0.032172
89.5	173.5	-0.0674541	0.0413761
87.5	179.5	-0.0674541	0.055182
81.5	176.5	-0.075124	0.0659201
79.5	171.5	-0.079726	0.07359
79.5	166.5	-0.08126	0.076658
74.5	170.5	-0.08126	0.08126
72.5	175.5	-0.08126	0.0889301
65.5	175.5	-0.08126	0.0950661
68.5	175.5	-0.075124	0.0966001
65.5	181.5	-0.0643861	0.0966001
69.5	189.5	-0.055182	0.0966001
75.5	184.5	-0.0444441	0.0966001
64.5	191.5	-0.0444441	0.0966001
74.5	182.5	-0.0444441	0.0919981
69.5	188.5	-0.0398421	0.0873961
73.5	194.5	-0.0337059	0.079726
82.5	190.5	-0.02757	0.052114
88.5	191.5	-0.02757	0.0413761
96.5	189.5	-0.02757	0.032172
94.5	187.5	-0.02757	0.0199001
102.5	187.5	-0.02757	0.00762796
111.5	182.5	-0.02757	-0.01845
117.5	179.5	-0.026036	-0.0368581
121.5	181.5	-0.026036	-0.046062
125.5	181.5	-0.026036	-0.0552659
124.5	183.5	-0.026036	-0.0629361
129.5	184.5	-0.0229681	-0.0813439
134.5	180.5	-0.0199001	-0.093616
140.5	173.5	-0.0168321	-0.0997519
141.5	179.5	-0.0168321	-0.11049
149.5	182.5	-0.0152981	-0.136568
155.5	182.5	-0.0152981	-0.14884
156.5	181.5	-0.0106959	-0.165714
170.5	178.5	-0.00609398	-0.17952
166.5	181.5	-0.00455999	-0.188724
172.5	179.5	-0.00302601	-0.214802
181.5	176.5	4.19617e-05	-0.23321
182.5	183.5	0.00464392	-0.251618
193.5	178.5	0.0061779	-0.265424
197.5	181.5	0.0061779	-0.273094
200.5	181.5	0.00924587	-0.30224
204.5	185.5	0.0107799	-0.319114
210.5	181.5	0.0107799	-0.337522
217.5	180.5	0.0107799	-0.346726
221.5	180.5	0.0107799	-0.358998
228.5	176.5	0.0107799	-0.37127
234.5	174.5	0.0107799	-0.39428
240.5	175.5	0.0107799	-0.426494
244.5	177.5	0.0107799	-0.452572
248.5	176.5	0.0107799	-0.47098
255.5	175.5	0.0107799	-0.489388
258.5	178.5	0.0107799	-0.498592
263.5	178.5	0.0107799	-0.50933
269.5	174.5	0.0107799	-0.526204
272.5	174.5	0.0107799	-0.543078
278.5	173.5	0.0107799	-0.566088
281.5	173.5	0.0107799	-0.573758
288.5	172.5	0.0107799	-0.584496
288.5	175.5	0.0123138	-0.595234
289.5	176.5	0.019984	-0.596768
291.5	178.5	0.0583339	-0.596768
290.5	187.5	0.070606	-0.596768
289.5	190.5	0.0828779	-0.596768
287.5	191.5	0.090548	-0.596768
291.5	192.5	0.098218	-0.595234
281.5	197.5	0.0997519	-0.5937
279.5	198.5	0.104354	-0.5937
281.5	197.5	0.11049	-0.587564
282.5	198.5	0.113558	-0.579894
278.5	201.5	0.113558	-0.57069
273.5	201.5	0.113558	-0.552282
272.5	197.5	0.113558	-0.546146
271.5	197.5	0.113558	-0.543078
263.5	201.5	0.113558	-0.535408
263.5	200.5	0.115092	-0.521602
260.5	199.5	0.113558	-0.507796
255.5	200.5	0.115092	-0.484786
253.5	202.5	0.113558	-0.477116
249.5	200.5	0.113558	-0.47098
245.5	201.5	0.113558	-0.460242
244.5	198.5	0.113558	-0.44797
239.5	202.5	0.112024	-0.421892
233.5	202.5	0.104354	-0.414222
232.5	196.5	0.096684	-0.398882
226.5	195.5	0.09515	-0.389678
224.5	196.5	0.09515	-0.375872
218.5	195.5	0.09515	-0.366668
218.5	194.5	0.09515	-0.357464
214.5	196.5	0.093616	-0.346726
208.5	198.5	0.09515	-0.335988
206.5	199.5	0.09515	-0.322182
205.5	198.5	0.09515	-0.311444
207.5	198.5	0.093616	-0.305308
198.5	199.5	0.090548	-0.29457
191.5	197.5	0.0844119	-0.282298
187.5	199.5	0.0813439	-0.266958
187.5	195.5	0.0752079	-0.242414
177.5	201.5	0.07214	-0.236278
178.5	192.5	0.066004	-0.224006
163.5	201.5	0.0614018	-0.213268
175.5	188.5	0.0583339	-0.205598
166.5	191.5	0.046062	-0.17952
164.5	189.5	0.04146	-0.170316
160.5	190.5	0.0399261	-0.167248
158.5	191.5	0.0368581	-0.162646
156.5	189.5	0.0353239	-0.145772
149.5	194.5	0.0337899	-0.128898
145.5	192.5	0.0337899	-0.116626
141.5	194.5	0.0337899	-0.090548
129.5	198.5	0.0337899	-0.0782759
132.5	193.5	0.0337899	-0.0629361
125.5	197.5	0.0337899	-0.046062
121.5	196.5	0.0337899	-0.0276539
106.5	182.5	0.0322559	-0.0138481
106.5	182.5	0.0307219	0.00455999
106.5	196.5	0.0276539	0.0152981
98.5	204.5	0.024586	0.024502
97.5	195.5	0.019984	0.032172
93.5	194.5	0.0153821	0.0383081
91.5	195.5	0.00924587	0.0475121
92.5	195.5	0.00464392	0.052114
88.5	192.5	-0.00149202	0.055182
82.5	196.5	-0.00609398	0.0597839
92.5	183.5	-0.0183661	0.0705221
75.5	193.5	-0.0229681	0.075124
75.5	191.5	-0.030638	0.076658
74.5	187.5	-0.0367742	0.079726
71.5	183.5	-0.0429101	0.0843279
69.5	185.5	-0.0459781	0.0858622
72.5	181.5	-0.055182	0.0919981
71.5	179.5	-0.0628521	0.0919981
69.5	178.5	-0.0720561	0.0919981
69.5	173.5	-0.079726	0.0919981
71.5	167.5	-0.0904641	0.0919981
66.5	169.5	-0.099668	0.0919981
71.5	153.5	-0.113474	0.0919981
71.5	151.5	-0.141086	0.0919981
71.5	151.5	-0.151824	0.0919981
70.5	135.5	-0.161028	0.0919981
71.5	143.5	-0.174834	0.0919981
69.5	133.5	-0.190174	0.0919981
71.5	122.5	-0.217786	0.0919981
49.5	112.5	-0.233126	0.0919981
70.5	110.5	-0.240796	0.0919981
67.5	111.5	-0.253068	0.0919981
66.5	100.5	-0.276078	0.0919981
66.5	95.5	-0.283748	0.0889301
68.5	95.5	-0.294486	0.0889301
70.5	95.5	-0.317496	0.0889301
67.5	88.5	-0.328234	0.0889301
68.5	88.5	-0.340506	0.0889301
69.5	77.5	-0.351244	0.0889301
71.5	71.5	-0.366584	0.0889301
67.5	67.5	-0.375788	0.0889301
64.5	62.5	-0.378856	0.0889301
86.5	91.5	-0.378856	0.0889301
62.5	60.5	-0.378856	0.0889301
69.5	61.5	-0.378856	0.0935321
65.5	54.5	-0.38039	0.107338
56.5	66.5	-0.378856	0.118076
52.5	66.5	-0.378856	0.130348
46.5	62.5	-0.38039	0.133416
52.5	53.5	-0.378856	0.130348
58.5	66.5	-0.378856	0.101202
69.5	62.5	-0.378856	0.076658
67.5	67.5	-0.378856	0.055182
87.5	58.5	-0.378856	0.0337059
102.5	55.5	-0.378856	0.0106959
107.5	56.5	-0.378856	-0.0322559
123.5	58.5	-0.378856	-0.044528
126.5	52.5	-0.378856	-0.0614018
139.5	48.5	-0.378856	-0.073674
136.5	56.5	-0.36505	-0.0798099
139.5	60.5	-0.352778	-0.0798099
139.5	66.5	-0.343574	-0.0798099
138.5	67.5	-0.328234	-0.0798099
137.5	71.5	-0.317496	-0.0798099
136.5	82.5	-0.297554	-0.0782759
133.5	83.5	-0.289884	-0.0798099
132.5	88.5	-0.277612	-0.0798099
132.5	95.5	-0.266874	-0.0782759
132.5	99.5	-0.254602	-0.0782759
137.5	106.5	-0.231592	-0.0782759
135.5	107.5	-0.216252	-0.0798099
132.5	115.5	-0.202446	-0.0782759
132.5	119.5	-0.191708	-0.0798099
133.5	128.5	-0.179436	-0.0782759
131.5	132.5	-0.15796	-0.0798099
133.5	137.5	-0.147222	-0.0782759
135.5	140.5	-0.133416	-0.0798099
130.5	145.5	-0.12728	-0.0798099
128.5	153.5	-0.116542	-0.0782759
132.5	154.5	-0.0966001	-0.0798099
132.5	159.5	-0.0873961	-0.0782759
132.5	166.5	-0.075124	-0.0798099
134.5	173.5	-0.0659201	-0.0798099
133.5	166.5	-0.05825	-0.0798099
133.5	170.5	-0.0429101	-0.0798099
131.5	174.5	-0.0337059	-0.0798099
130.5	178.5	-0.026036	-0.0798099
130.5	182.5	-0.0199001	-0.0798099
132.5	181.5	-0.0152981	-0.0798099
132.5	182.5	-0.00455999	-0.0782759
134.5	183.5	-0.00302601	-0.0798099
135.5	181.5	-0.00302601	-0.0782759
130.5	176.5	-0.00455999	-0.0844119
142.5	186.5	-0.00302601	-0.096684
143.5	183.5	-0.00455999	-0.121228
149.5	178.5	-0.00302601	-0.135034
154.5	179.5	-0.00302601	-0.145772
158.5	186.5	-0.00302601	-0.15651
165.5	180.5	-0.00302601	-0.173384
166.5	180.5	-0.00302601	-0.177986
171.5	178.5	-0.00302601	-0.181054
170.5	181.5	-0.00302601	-0.184122
168.5	177.5	-0.00302601	-0.18719
168.5	179.5	-0.0214341	-0.188724
168.5	173.5	-0.0337059	-0.188724
171.5	168.5	-0.0429101	-0.188724
168.5	163.5	-0.055182	-0.188724
169.5	158.5	-0.0705221	-0.188724
170.5	151.5	-0.099668	-0.188724
167.5	144.5	-0.11194	-0.188724
169.5	141.5	-0.11961	-0.188724
169.5	138.5	-0.128814	-0.188724
166.5	134.5	-0.141086	-0.188724
165.5	132.5	-0.153358	-0.188724
171.5	123.5	-0.179436	-0.188724
169.5	121.5	-0.191708	-0.188724
168.5	114.5	-0.200912	-0.188724
170.5	108.5	-0.210116	-0.188724
171.5	107.5	-0.23466	-0.18719
168.5	105.5	-0.245398	-0.188724
172.5	98.5	-0.256136	-0.18719
170.5	98.5	-0.260738	-0.18719
171.5	88.5	-0.271476	-0.18719
171.5	87.5	-0.279146	-0.188724
169.5	85.5	-0.297554	-0.18719
173.5	78.5	-0.308292	-0.18719
171.5	77.5	-0.315962	-0.18719
174.5	75.5	-0.3267	-0.18719
178.5	71.5	-0.346642	-0.18719
175.5	60.5	-0.35738	-0.18719
178.5	63.5	-0.366584	-0.185656
175.5	55.5	-0.368118	-0.18719
173.5	59.5	-0.368118	-0.185656
178.5	55.5	-0.368118	-0.18719
175.5	57.5	-0.374254	-0.18719
180.5	53.5	-0.377322	-0.18719
181.5	53.5	-0.381924	-0.19486
185.5	54.5	-0.383458	-0.204064
191.5	52.5	-0.383458	-0.234744
198.5	52.5	-0.383458	-0.251618
206.5	55.5	-0.383458	-0.276162
208.5	57.5	-0.383458	-0.296104
223.5	55.5	-0.383458	-0.316046
223.5	58.5	-0.381924	-0.316046
226.5	58.5	-0.38039	-0.316046
220.5	62.5	-0.37272	-0.316046
224.5	64.5	-0.368118	-0.316046
223.5	65.5	-0.348176	-0.316046
219.5	69.5	-0.337438	-0.316046
219.5	76.5	-0.325166	-0.316046
219.5	75.5	-0.312894	-0.314512
216.5	81.5	-0.302156	-0.316046
216.5	90.5	-0.291418	-0.316046
212.5	91.5	-0.274544	-0.316046
212.5	96.5	-0.263806	-0.316046
211.5	98.5	-0.251534	-0.316046
211.5	103.5	-0.24233	-0.316046
210.5	107.5	-0.22699	-0.316046
210.5	111.5	-0.216252	-0.316046
207.5	115.5	-0.202446	-0.316046
211.5	116.5	-0.184038	-0.316046
203.5	122.5	-0.174834	-0.316046
206.5	126.5	-0.167164	-0.316046
207.5	131.5	-0.156426	-0.316046
210.5	129.5	-0.136484	-0.316046
206.5	137.5	-0.125746	-0.316046
207.5	142.5	-0.116542	-0.314512
206.5	145.5	-0.105804	-0.316046
203.5	148.5	-0.0950661	-0.316046
205.5	150.5	-0.082794	-0.316046
204.5	147.5	-0.079726	-0.314512
206.5	153.5	-0.0720561	-0.314512
205.5	159.5	-0.0613179	-0.316046
206.5	161.5	-0.0444441	-0.316046
205.5	162.5	-0.0367742	-0.314512
206.5	164.5	-0.0337059	-0.314512
206.5	169.5	-0.024502	-0.316046
204.5	173.5	-0.0152981	-0.314512
206.5	176.5	0.00310993	-0.316046
206.5	179.5	0.0153821	-0.316046
200.5	181.5	0.023052	-0.314512
206.5	184.5	0.0276539	-0.314512
201.5	184.5	0.0307219	-0.314512
205.5	181.5	0.0322559	-0.316046
211.5	182.5	0.0322559	-0.316046
204.5	184.5	0.0322559	-0.316046
204.5	183.5	0.0322559	-0.319114
208.5	183.5	0.0322559	-0.337522
217.5	183.5	0.0322559	-0.368202
225.5	180.5	0.0322559	-0.375872
227.5	177.5	0.0337899	-0.383542
233.5	181.5	0.0353239	-0.391212
235.5	181.5	0.0353239	-0.403484
237.5	183.5	0.0353239	-0.418824
242.5	180.5	0.0337899	-0.418824
236.5	180.5	0.023052	-0.41729
239.5	172.5	0.0138481	-0.418824
239.5	167.5	4.19617e-05	-0.418824
241.5	160.5	-0.032172	-0.418824
239.5	160.5	-0.0459781	-0.418824
239.5	154.5	-0.055182	-0.418824
239.5	147.5	-0.07359	-0.418824
240.5	144.5	-0.110406	-0.41729
237.5	141.5	-0.125746	-0.418824
246.5	125.5	-0.139552	-0.41729
240.5	129.5	-0.153358	-0.418824
245.5	119.5	-0.164096	-0.41729
242.5	119.5	-0.187106	-0.41729
243.5	114.5	-0.19631	-0.418824
242.5	114.5	-0.207048	-0.418824
243.5	110.5	-0.21932	-0.41729
252.5	98.5	-0.230058	-0.41729
243.5	103.5	-0.239262	-0.41729
243.5	101.5	-0.25767	-0.41729
247.5	93.5	-0.268408	-0.41729
244.5	89.5	-0.279146	-0.41729
247.5	88.5	-0.291418	-0.41729
254.5	84.5	-0.302156	-0.41729
254.5	77.5	-0.308292	-0.41729
248.5	77.5	-0.3267	-0.41729
255.5	72.5	-0.335904	-0.41729
253.5	74.5	-0.345108	-0.41729
250.5	67.5	-0.355846	-0.41729
254.5	63.5	-0.37272	-0.414222
260.5	69.5	-0.381924	-0.414222
259.5	58.5	-0.384992	-0.412688
257.5	58.5	-0.38806	-0.412688
254.5	56.5	-0.38806	-0.40962
257.5	60.5	-0.389594	-0.377406
239.5	55.5	-0.38806	-0.3636
231.5	55.5	-0.389594	-0.35593
235.5	50.5	-0.389594	-0.354396
229.5	60.5	-0.38806	-0.351328
236.5	56.5	-0.38806	-0.352862
238.5	53.5	-0.38806	-0.35593
241.5	51.5	-0.389594	-0.369736
251.5	60.5	-0.38806	-0.38661
253.5	55.5	-0.389594	-0.395814
249.5	56.5	-0.389594	-0.398882
261.5	59.5	-0.389594	-0.412688
260.5	53.5	-0.389594	-0.426494
262.5	58.5	-0.389594	-0.443368
273.5	62.5	-0.38806	-0.452572
271.5	56.5	-0.386526	-0.452572
266.5	59.5	-0.381924	-0.452572
270.5	61.5	-0.37272	-0.452572
266.5	69.5	-0.366584	-0.452572
263.5	73.5	-0.346642	-0.452572
267.5	72.5	-0.338972	-0.452572
266.5	74.5	-0.328234	-0.452572
265.5	72.5	-0.31903	-0.452572
265.5	85.5	-0.305224	-0.452572
259.5	89.5	-0.302156	-0.454106
259.5	90.5	-0.299088	-0.454106
261.5	92.5	-0.291418	-0.454106
261.5	95.5	-0.28068	-0.454106
262.5	99.5	-0.269942	-0.460242
267.5	99.5	-0.262272	-0.481718
268.5	98.5	-0.262272	-0.484786
266.5	105.5	-0.260738	-0.484786
270.5	103.5	-0.25767	-0.48632
270.5	106.5	-0.240796	-0.50166
271.5	110.5	-0.23466	-0.503194
274.5	111.5	-0.231592	-0.503194
274.5	109.5	-0.22699	-0.504728
273.5	117.5	-0.210116	-0.512398
272.5	118.5	-0.197844	-0.517
274.5	119.5	-0.18864	-0.520068
273.5	124.5	-0.179436	-0.520068
274.5	127.5	-0.1733	-0.520068
277.5	139.5	-0.153358	-0.520068
274.5	131.5	-0.141086	-0.518534
271.5	138.5	-0.131882	-0.520068
270.5	140.5	-0.122678	-0.520068
272.5	143.5	-0.116542	-0.518534
270.5	145.5	-0.0935321	-0.518534
272.5	144.5	-0.082794	-0.520068
270.5	152.5	-0.0720561	-0.520068
270.5	151.5	-0.055182	-0.520068
271.5	156.5	-0.049046	-0.520068
269.5	163.5	-0.026036	-0.520068
272.5	166.5	-0.0168321	-0.520068
272.5	166.5	-0.00762796	-0.520068
269.5	173.5	0.00310993	-0.520068
268.5	176.5	0.01845	-0.518534
270.5	173.5	0.0276539	-0.518534
267.5	178.5	0.0337899	-0.520068
265.5	181.5	0.04146	-0.520068
267.5	182.5	0.04913	-0.520068
267.5	185.5	0.0644701	-0.518534
268.5	187.5	0.07214	-0.518534
266.5	189.5	0.0782759	-0.518534
266.5	190.5	0.0859461	-0.518534
265.5	196.5	0.09515	-0.520068
266.5	200.5	0.108956	-0.520068
267.5	196.5	0.107422	-0.520068
267.5	196.5	0.108956	-0.520068
268.5	199.5	0.107422	-0.518534
271.5	195.5	0.107422	-0.523136
277.5	196.5	0.108956	-0.536942
277.5	195.5	0.107422	-0.556884
278.5	192.5	0.105888	-0.566088
282.5	190.5	0.104354	-0.576826
286.5	190.5	0.104354	-0.584496
286.5	193.5	0.104354	-0.58603
284.5	190.5	0.101286	-0.579894
280.5	193.5	0.096684	-0.566088
274.5	190.5	0.09515	-0.543078
269.5	193.5	0.092082	-0.536942
265.5	189.5	0.0859461	-0.52467
265.5	189.5	0.070606	-0.497058
253.5	185.5	0.044528	-0.454106
245.5	180.5	0.0353239	-0.4403
239.5	181.5	0.023052	-0.431096
239.5	166.5	0.00310993	-0.420358
231.5	170.5	-0.0106959	-0.414222
232.5	161.5	-0.053648	-0.403484
230.5	155.5	-0.075124	-0.397348
230.5	149.5	-0.0889301	-0.397348
230.5	145.5	-0.10427	-0.397348
228.5	140.5	-0.121144	-0.395814
231.5	133.5	-0.156426	-0.392746
232.5	127.5	-0.167164	-0.392746
231.5	125.5	-0.179436	-0.391212
231.5	120.5	-0.193242	-0.391212
230.5	114.5	-0.216252	-0.391212
230.5	110.5	-0.230058	-0.391212
234.5	98.5	-0.248466	-0.391212
235.5	99.5	-0.26534	-0.391212
237.5	92.5	-0.283748	-0.391212
242.5	85.5	-0.300622	-0.391212
239.5	82.5	-0.323632	-0.391212
246.5	73.5	-0.335904	-0.391212
239.5	67.5	-0.346642	-0.391212
240.5	63.5	-0.358914	-0.391212
246.5	61.5	-0.38806	-0.391212
245.5	51.5	-0.39573	-0.391212
255.5	52.5	-0.404934	-0.392746
252.5	49.5	-0.409536	-0.392746
250.5	48.5	-0.41107	-0.403484
261.5	44.5	-0.41107	-0.431096
262.5	45.5	-0.41107	-0.435698
264.5	53.5	-0.41107	-0.4403
264.5	50.5	-0.41107	-0.441834
267.5	56.5	-0.41107	-0.4403
258.5	49.5	-0.409536	-0.428028
259.5	51.5	-0.409536	-0.39428
252.5	52.5	-0.409536	-0.37894
235.5	47.5	-0.41107	-0.35593
233.5	50.5	-0.409536	-0.329852
221.5	46.5	-0.409536	-0.30991
214.5	48.5	-0.409536	-0.270026
208.5	44.5	-0.409536	-0.257754
199.5	45.5	-0.409536	-0.242414
195.5	49.5	-0.4034	-0.230142
193.5	49.5	-0.391128	-0.230142
187.5	59.5	-0.355846	-0.230142
192.5	62.5	-0.343574	-0.230142
190.5	69.5	-0.329768	-0.230142
189.5	69.5	-0.320564	-0.230142
187.5	81.5	-0.308292	-0.230142
187.5	84.5	-0.291418	-0.230142
186.5	85.5	-0.263806	-0.228608
185.5	93.5	-0.254602	-0.230142
182.5	103.5	-0.245398	-0.230142
183.5	108.5	-0.231592	-0.230142
184.5	113.5	-0.217786	-0.230142
184.5	118.5	-0.199378	-0.230142
182.5	120.5	-0.187106	-0.230142
180.5	123.5	-0.179436	-0.230142
180.5	130.5	-0.170232	-0.230142
180.5	127.5	-0.156426	-0.230142
179.5	133.5	-0.147222	-0.230142
177.5	133.5	-0.138018	-0.230142
178.5	137.5	-0.12728	-0.230142
177.5	140.5	-0.11961	-0.228608
179.5	149.5	-0.105804	-0.230142
180.5	152.5	-0.08126	-0.230142
180.5	155.5	-0.0689881	-0.230142
177.5	161.5	-0.055182	-0.230142
178.5	164.5	-0.0444441	-0.230142
175.5	165.5	-0.0383081	-0.220938
173.5	168.5	-0.032172	-0.2102
171.5	173.5	-0.0183661	-0.197928
164.5	177.5	-0.00609398	-0.18719
161.5	182.5	4.19617e-05	-0.181054
161.5	182.5	0.00310993	-0.167248
155.5	182.5	0.00310993	-0.154976
147.5	185.5	0.00310993	-0.131966
136.5	185.5	0.00157595	-0.0798099
132.5	183.5	0.00157595	-0.067538
124.5	182.5	-0.00302601	-0.0552659
121.5	183.5	-0.0152981	-0.0506639
123.5	173.5	-0.0337059	-0.0506639
121.5	170.5	-0.0659201	-0.0506639
123.5	167.5	-0.076658	-0.0506639
117.5	158.5	-0.0950661	-0.0506639
123.5	150.5	-0.11194	-0.0506639
125.5	147.5	-0.144154	-0.0506639
118.5	135.5	-0.162562	-0.0506639
123.5	131.5	-0.170232	-0.0506639
120.5	120.5	-0.187106	-0.0506639
122.5	116.5	-0.220854	-0.0506639
120.5	105.5	-0.231592	-0.0506639
122.5	105.5	-0.245398	-0.0506639
120.5	95.5	-0.269942	-0.0506639
120.5	96.5	-0.28068	-0.0506639
126.5	83.5	-0.28835	-0.0506639
122.5	80.5	-0.297554	-0.0506639
120.5	78.5	-0.309826	-0.0506639
126.5	69.5	-0.31903	-0.0506639
120.5	68.5	-0.329768	-0.047596
123.5	70.5	-0.33437	-0.047596
124.5	70.5	-0.340506	-0.047596
124.5	64.5	-0.351244	-0.047596
127.5	60.5	-0.368118	-0.047596
125.5	54.5	-0.369652	-0.047596
126.5	56.5	-0.369652	-0.046062
119.5	58.5	-0.368118	-0.0307219
117.5	59.5	-0.368118	-0.00157595
108.5	61.5	-0.368118	0.0152981
102.5	56.5	-0.368118	0.02757
93.5	65.5	-0.368118	0.0429101
82.5	62.5	-0.368118	0.0429101
83.5	66.5	-0.368118	0.049046
81.5	65.5	-0.361982	0.049046
84.5	67.5	-0.355846	0.049046
84.5	69.5	-0.348176	0.049046
84.5	75.5	-0.332836	0.049046
90.5	96.5	-0.309826	0.049046
84.5	89.5	-0.300622	0.0475121
86.5	86.5	-0.291418	0.049046
81.5	97.5	-0.282214	0.049046
85.5	97.5	-0.274544	0.0475121
83.5	101.5	-0.253068	0.049046
85.5	109.5	-0.24233	0.049046
81.5	112.5	-0.231592	0.049046
81.5	117.5	-0.222388	0.049046
89.5	114.5	-0.208582	0.0475121
88.5	122.5	-0.197844	0.0475121
86.5	123.5	-0.187106	0.049046
89.5	132.5	-0.174834	0.049046
87.5	136.5	-0.16563	0.0475121
83.5	138.5	-0.159494	0.0475121
87.5	141.5	-0.151824	0.0475121
90.5	151.5	-0.122678	0.0475121
94.5	149.5	-0.115008	0.0475121
89.5	156.5	-0.108872	0.0475121
88.5	158.5	-0.10427	0.0475121
88.5	163.5	-0.099668	0.0475121
93.5	164.5	-0.0950661	0.030638
96.5	164.5	-0.0950661	0.00762796
107.5	163.5	-0.0950661	-0.00924587
113.5	160.5	-0.0950661	-0.019984
118.5	158.5	-0.0935321	-0.0629361
132.5	157.5	-0.0935321	-0.0828779
139.5	157.5	-0.0858622	-0.0997519
141.5	155.5	-0.078192	-0.119694
150.5	157.5	-0.07359	-0.128898
159.5	163.5	-0.0597839	-0.16418
164.5	159.5	-0.053648	-0.177986
168.5	160.5	-0.0444441	-0.185656
166.5	165.5	-0.032172	-0.193326
176.5	173.5	-0.0137641	-0.208666
183.5	180.5	4.19617e-05	-0.23321
189.5	180.5	0.0107799	-0.268492
193.5	181.5	0.0123138	-0.283832
198.5	177.5	0.0153821	-0.296104
198.5	179.5	0.0153821	-0.311444
209.5	180.5	0.01845	-0.326784
211.5	182.5	0.0291879	-0.357464
221.5	179.5	0.0337899	-0.368202
221.5	182.5	0.0337899	-0.37894
230.5	181.5	0.0337899	-0.389678
229.5	183.5	0.0337899	-0.405018
237.5	180.5	0.0353239	-0.43263
244.5	181.5	0.0368581	-0.446436
249.5	178.5	0.0368581	-0.461776
255.5	178.5	0.0368581	-0.472514
256.5	181.5	0.0383921	-0.480184
263.5	178.5	0.0368581	-0.498592
262.5	176.5	0.0307219	-0.498592
264.5	170.5	0.021518	-0.500126
261.5	170.5	0.0107799	-0.498592
263.5	169.5	0.00464392	-0.498592
263.5	166.5	-0.0122299	-0.500126
268.5	158.5	-0.0214341	-0.500126
266.5	156.5	-0.0337059	-0.50166
267.5	153.5	-0.053648	-0.500126
264.5	152.5	-0.0689881	-0.50166
269.5	140.5	-0.107338	-0.500126
268.5	139.5	-0.122678	-0.500126
268.5	123.5	-0.14262	-0.500126
268.5	120.5	-0.159494	-0.500126
268.5	121.5	-0.182504	-0.500126
272.5	117.5	-0.19631	-0.500126
271.5	109.5	-0.21165	-0.500126
277.5	106.5	-0.22699	-0.500126
274.5	98.5	-0.240796	-0.500126
276.5	94.5	-0.260738	-0.500126
273.5	93.5	-0.276078	-0.500126
275.5	83.5	-0.292952	-0.498592
279.5	85.5	-0.306758	-0.497058
280.5	79.5	-0.315962	-0.495524
275.5	76.5	-0.331302	-0.495524
276.5	71.5	-0.335904	-0.492456
275.5	70.5	-0.338972	-0.481718
274.5	68.5	-0.343574	-0.467912
266.5	62.5	-0.351244	-0.452572
260.5	65.5	-0.366584	-0.42496
252.5	56.5	-0.369652	-0.411154
253.5	59.5	-0.374254	-0.391212
237.5	55.5	-0.381924	-0.357464
244.5	52.5	-0.384992	-0.345192
229.5	50.5	-0.384992	-0.334454
232.5	45.5	-0.384992	-0.32525
227.5	54.5	-0.384992	-0.308376
221.5	47.5	-0.384992	-0.282298
214.5	50.5	-0.384992	-0.266958
205.5	49.5	-0.384992	-0.251618
201.5	49.5	-0.384992	-0.236278
194.5	50.5	-0.384992	-0.222472
184.5	51.5	-0.384992	-0.208666
178.5	54.5	-0.384992	-0.182588
175.5	48.5	-0.384992	-0.167248
170.5	49.5	-0.381924	-0.158044
164.5	53.5	-0.381924	-0.147306
161.5	55.5	-0.38039	-0.138102
150.5	53.5	-0.38039	-0.112024
147.5	56.5	-0.378856	-0.101286
139.5	51.5	-0.378856	-0.0859461
133.5	51.5	-0.378856	-0.070606
132.5	51.5	-0.378856	-0.0629361
127.5	60.5	-0.375788	-0.0383921
120.5	55.5	-0.374254	-0.024586
118.5	59.5	-0.374254	-0.0153821
111.5	54.5	-0.374254	-0.00771189
110.5	53.5	-0.374254	-0.00310993
104.5	62.5	-0.37272	0.00302601
103.5	58.5	-0.37272	0.02757
97.5	63.5	-0.369652	0.0367742
88.5	66.5	-0.366584	0.0413761
85.5	62.5	-0.358914	0.052114
82.5	71.5	-0.338972	0.0720561
78.5	76.5	-0.3267	0.075124
73.5	85.5	-0.315962	0.076658
76.5	77.5	-0.309826	0.075124
76.5	92.5	-0.300622	0.075124
75.5	99.5	-0.289884	0.075124
77.5	97.5	-0.271476	0.075124
76.5	95.5	-0.260738	0.075124
77.5	101.5	-0.251534	0.075124
76.5	112.5	-0.239262	0.075124
75.5	109.5	-0.228524	0.075124
78.5	115.5	-0.213184	0.07359
78.5	125.5	-0.202446	0.07359
77.5	131.5	-0.194776	0.0720561
79.5	133.5	-0.185572	0.0720561
80.5	131.5	-0.1733	0.0705221
78.5	137.5	-0.168698	0.0689881
79.5	135.5	-0.161028	0.0643861
84.5	142.5	-0.151824	0.05825
85.5	148.5	-0.145688	0.053648
91.5	148.5	-0.141086	0.049046
94.5	150.5	-0.131882	0.0337059
91.5	150.5	-0.12728	0.029104
98.5	156.5	-0.12728	0.02757
99.5	154.5	-0.12728	0.024502
100.5	150.5	-0.125746	0.024502
98.5	151.5	-0.124212	0.024502
98.5	149.5	-0.121144	0.024502
103.5	154.5	-0.11961	0.0152981
109.5	155.5	-0.11961	-4.19617e-05
112.5	151.5	-0.11961	-0.024586
120.5	145.5	-0.116542	-0.0353239
120.5	154.5	-0.115008	-0.047596
120.5	149.5	-0.113474	-0.0552659
129.5	152.5	-0.108872	-0.0644701
134.5	151.5	-0.0966001	-0.0874801
140.5	152.5	-0.0904641	-0.0997519
143.5	158.5	-0.0858622	-0.11049
146.5	159.5	-0.08126	-0.121228
150.5	158.5	-0.076658	-0.128898
155.5	165.5	-0.0659201	-0.147306
159.5	161.5	-0.0643861	-0.151908
159.5	159.5	-0.0628521	-0.162646
159.5	165.5	-0.05825	-0.173384
167.5	163.5	-0.055182	-0.17952
171.5	164.5	-0.052114	-0.191792
172.5	164.5	-0.049046	-0.204064
174.5	163.5	-0.049046	-0.208666
177.5	164.5	-0.0475121	-0.219404
183.5	164.5	-0.0475121	-0.231676
187.5	162.5	-0.0475121	-0.243948
189.5	161.5	-0.0475121	-0.254686
193.5	163.5	-0.0475121	-0.27923
199.5	159.5	-0.0475121	-0.2869
203.5	161.5	-0.049046	-0.29457
203.5	163.5	-0.0475121	-0.296104
208.5	157.5	-0.0475121	-0.303774
208.5	157.5	-0.0475121	-0.31758
215.5	162.5	-0.0475121	-0.342124
216.5	161.5	-0.0475121	-0.354396
221.5	160.5	-0.0475121	-0.3636
225.5	160.5	-0.0475121	-0.37894
231.5	159.5	-0.0475121	-0.392746
236.5	159.5	-0.0459781	-0.415756
240.5	160.5	-0.0444441	-0.42496
242.5	163.5	-0.0367742	-0.441834
250.5	161.5	-0.0337059	-0.458708
255.5	163.5	-0.032172	-0.472514
262.5	161.5	-0.024502	-0.492456
260.5	165.5	-0.0152981	-0.500126
265.5	165.5	-0.00762796	-0.506262
264.5	168.5	0.00464392	-0.512398
269.5	171.5	0.0107799	-0.518534
271.5	172.5	0.0153821	-0.527738
271.5	173.5	0.019984	-0.53234
270.5	176.5	0.024586	-0.536942
273.5	178.5	0.0307219	-0.543078
274.5	177.5	0.0322559	-0.546146
273.5	177.5	0.023052	-0.546146
276.5	171.5	0.0153821	-0.546146
273.5	170.5	0.00771189	-0.546146
279.5	169.5	-0.00762796	-0.546146
275.5	158.5	-0.0229681	-0.546146
280.5	160.5	-0.055182	-0.546146
280.5	150.5	-0.0705221	-0.54768
280.5	146.5	-0.082794	-0.559952
286.5	140.5	-0.0889301	-0.566088
286.5	134.5	-0.10427	-0.564554
279.5	138.5	-0.125746	-0.521602
269.5	130.5	-0.139552	-0.503194
265.5	132.5	-0.159494	-0.480184
265.5	117.5	-0.1733	-0.46331
247.5	113.5	-0.193242	-0.429562
237.5	112.5	-0.202446	-0.405018
229.5	111.5	-0.21932	-0.351328
220.5	107.5	-0.222388	-0.326784
208.5	107.5	-0.22699	-0.300706
197.5	103.5	-0.228524	-0.283832
189.5	100.5	-0.240796	-0.236278
184.5	101.5	-0.245398	-0.214802
177.5	97.5	-0.25	-0.196394
174.5	98.5	-0.251534	-0.176452
167.5	97.5	-0.251534	-0.150374
155.5	96.5	-0.253068	-0.131966
146.5	98.5	-0.254602	-0.115092
137.5	92.5	-0.256136	-0.098218
136.5	94.5	-0.259204	-0.0813439
127.5	94.5	-0.260738	-0.0521979
121.5	96.5	-0.260738	-0.0337899
116.5	96.5	-0.262272	-0.0153821
108.5	100.5	-0.266874	-4.19617e-05
97.5	98.5	-0.274544	0.02757
94.5	96.5	-0.277612	0.0367742
90.5	89.5	-0.277612	0.052114
90.5	88.5	-0.277612	0.0628521
77.5	88.5	-0.277612	0.0643861
81.5	99.5	-0.274544	0.0643861
80.5	97.5	-0.263806	0.0628521
91.5	86.5	-0.251534	0.05825
81.5	111.5	-0.237728	0.055182
85.5	114.5	-0.225456	0.052114
88.5	117.5	-0.216252	0.049046
85.5	121.5	-0.193242	0.049046
91.5	136.5	-0.185572	0.0459781
90.5	134.5	-0.1733	0.0429101
88.5	136.5	-0.148756	0.0352399
90.5	143.5	-0.138018	0.0352399
93.5	148.5	-0.128814	0.0337059
97.5	154.5	-0.11961	0.030638
95.5	152.5	-0.115008	0.032172
102.5	152.5	-0.108872	0.02757
100.5	157.5	-0.108872	0.0229681
103.5	155.5	-0.108872	0.0214341
101.5	157.5	-0.108872	0.0229681
106.5	148.5	-0.108872	0.0214341
100.5	160.5	-0.107338	0.0214341
100.5	157.5	-0.108872	0.0214341
100.5	148.5	-0.108872	0.0229681
102.5	155.5	-0.108872	0.0214341
101.5	158.5	-0.108872	0.0214341
99.5	151.5	-0.110406	0.0214341
99.5	155.5	-0.110406	0.0229681
97.5	150.5	-0.110406	0.0229681
97.5	153.5	-0.110406	0.0229681
100.5	158.5	-0.110406	0.0199001
105.5	155.5	-0.11194	0.00609398
111.5	146.5	-0.110406	-0.0123138
117.5	153.5	-0.110406	-0.0276539
121.5	148.5	-0.110406	-0.04146
127.5	144.5	-0.110406	-0.0537319
131.5	147.5	-0.116542	-0.0782759
134.5	143.5	-0.125746	-0.0782759
135.5	141.5	-0.128814	-0.0813439
136.5	137.5	-0.130348	-0.09515
140.5	139.5	-0.128814	-0.11049
152.5	135.5	-0.130348	-0.1335
160.5	135.5	-0.133416	-0.168782
165.5	133.5	-0.136484	-0.177986
170.5	133.5	-0.139552	-0.190258
172.5	132.5	-0.141086	-0.20253
177.5	131.5	-0.14262	-0.2102
180.5	130.5	-0.15796	-0.220938
180.5	127.5	-0.162562	-0.222472
189.5	118.5	-0.170232	-0.22554
185.5	123.5	-0.177902	-0.231676
186.5	120.5	-0.187106	-0.236278
183.5	115.5	-0.214718	-0.234744
190.5	97.5	-0.220854	-0.234744
183.5	104.5	-0.225456	-0.22554
182.5	97.5	-0.231592	-0.214802
177.5	104.5	-0.237728	-0.205598
176.5	96.5	-0.256136	-0.184122
168.5	92.5	-0.259204	-0.176452
164.5	90.5	-0.262272	-0.162646
156.5	90.5	-0.263806	-0.151908
159.5	91.5	-0.27301	-0.127364
149.5	91.5	-0.276078	-0.115092
146.5	88.5	-0.28068	-0.101286
143.5	82.5	-0.283748	-0.092082
137.5	87.5	-0.289884	-0.0813439
132.5	81.5	-0.309826	-0.07214
132.5	76.5	-0.31903	-0.07214
131.5	70.5	-0.3267	-0.0629361
129.5	67.5	-0.3267	-0.04913
121.5	68.5	-0.3267	-0.0291879
116.5	73.5	-0.331302	-0.0123138
111.5	69.5	-0.33437	-0.00771189
107.5	63.5	-0.33437	-4.19617e-05
104.5	65.5	-0.33437	0.0137641
97.5	68.5	-0.33437	0.02757
87.5	87.5	-0.335904	0.032172
94.5	74.5	-0.335904	0.030638
96.5	75.5	-0.335904	0.032172
95.5	67.5	-0.335904	0.032172
90.5	76.5	-0.331302	0.0367742
93.5	81.5	-0.314428	0.0429101
90.5	89.5	-0.305224	0.0429101
87.5	91.5	-0.29602	0.0459781
85.5	100.5	-0.283748	0.053648
77.5	106.5	-0.262272	0.0720561
81.5	101.5	-0.251534	0.079726
68.5	108.5	-0.240796	0.0843279
70.5	106.5	-0.231592	0.0950661
66.5	118.5	-0.21932	0.105804
68.5	122.5	-0.216252	0.10427
66.5	119.5	-0.210116	0.10427
64.5	128.5	-0.205514	0.10427
70.5	132.5	-0.200912	0.098134
69.5	129.5	-0.176368	0.0950661
71.5	137.5	-0.168698	0.0966001
70.5	140.5	-0.162562	0.098134
66.5	144.5	-0.154892	0.10427
64.5	153.5	-0.147222	0.108872
66.5	157.5	-0.125746	0.11194
66.5	156.5	-0.11961	0.11194
66.5	157.5	-0.115008	0.11194
68.5	165.5	-0.102736	0.108872
75.5	167.5	-0.0904641	0.0950661
85.5	167.5	-0.0858622	0.053648
94.5	166.5	-0.082794	0.032172
100.5	165.5	-0.08126	0.0168321
112.5	168.5	-0.079726	-0.00771189
120.5	158.5	-0.079726	-0.0598679
130.5	162.5	-0.079726	-0.0828779
138.5	159.5	-0.078192	-0.105888
145.5	154.5	-0.076658	-0.128898
157.5	156.5	-0.07359	-0.168782
168.5	160.5	-0.0689881	-0.188724
176.5	159.5	-0.0643861	-0.2102
179.5	159.5	-0.0628521	-0.219404
183.5	159.5	-0.0597839	-0.236278
188.5	158.5	-0.0444441	-0.27923
200.5	165.5	-0.0398421	-0.303774
207.5	162.5	-0.0398421	-0.320648
215.5	161.5	-0.0352399	-0.339056
221.5	164.5	-0.024502	-0.35593
224.5	170.5	-0.0183661	-0.375872
231.5	168.5	-0.0137641	-0.40962
239.5	167.5	-0.0122299	-0.42496
