inputs: 2 outputs: 2
pos_x	pos_y	s_pitch		s_roll

---
51.5	58.5	-0.289884	0.107338
65.5	48.5	-0.289884	0.108872
60.5	51.5	-0.289884	0.108872
60.5	51.5	-0.289884	0.108872
60.5	51.5	-0.28835	0.107338
61.5	50.5	-0.289884	0.107338
61.5	50.5	-0.289884	0.105804
63.5	49.5	-0.289884	0.102736
64.5	53.5	-0.289884	0.076658
78.5	47.5	-0.289884	0.0628521
77.5	52.5	-0.28835	0.05058
85.5	56.5	-0.289884	0.0429101
85.5	52.5	-0.289884	0.0413761
91.5	51.5	-0.289884	0.0413761
95.5	50.5	-0.289884	0.0383081
90.5	56.5	-0.289884	0.0337059
94.5	51.5	-0.289884	0.02757
91.5	50.5	-0.289884	0.0199001
96.5	58.5	-0.289884	0.00455999
116.5	41.5	-0.289884	-0.0061779
118.5	39.5	-0.289884	-0.0138481
112.5	50.5	-0.289884	-0.019984
117.5	52.5	-0.289884	-0.0337899
122.5	50.5	-0.289884	-0.042994
125.5	48.5	-0.289884	-0.0537319
124.5	52.5	-0.289884	-0.0644701
131.5	50.5	-0.289884	-0.0828779
131.5	49.5	-0.289884	-0.0890141
141.5	48.5	-0.289884	-0.098218
148.5	45.5	-0.289884	-0.107422
151.5	48.5	-0.289884	-0.116626
154.5	46.5	-0.294486	-0.128898
151.5	45.5	-0.29602	-0.135034
160.5	41.5	-0.299088	-0.14117
158.5	44.5	-0.299088	-0.14884
164.5	46.5	-0.300622	-0.153442
163.5	43.5	-0.300622	-0.168782
172.5	45.5	-0.300622	-0.177986
174.5	44.5	-0.302156	-0.182588
179.5	45.5	-0.30369	-0.193326
180.5	46.5	-0.309826	-0.205598
182.5	45.5	-0.309826	-0.2102
187.5	44.5	-0.312894	-0.219404
191.5	41.5	-0.314428	-0.23321
194.5	41.5	-0.314428	-0.239346
198.5	40.5	-0.320564	-0.257754
201.5	39.5	-0.322098	-0.268492
213.5	36.5	-0.325166	-0.27923
220.5	35.5	-0.3267	-0.291502
216.5	42.5	-0.328234	-0.299172
215.5	40.5	-0.33437	-0.306842
221.5	44.5	-0.337438	-0.30991
229.5	39.5	-0.338972	-0.31758
227.5	35.5	-0.340506	-0.323716
223.5	32.5	-0.340506	-0.329852
231.5	40.5	-0.340506	-0.335988
234.5	41.5	-0.343574	-0.346726
238.5	38.5	-0.345108	-0.354396
235.5	42.5	-0.346642	-0.360532
246.5	37.5	-0.346642	-0.366668
241.5	45.5	-0.346642	-0.377406
247.5	42.5	-0.346642	-0.398882
257.5	42.5	-0.348176	-0.405018
253.5	34.5	-0.351244	-0.414222
259.5	42.5	-0.351244	-0.426494
262.5	43.5	-0.351244	-0.446436
269.5	38.5	-0.351244	-0.454106
270.5	40.5	-0.351244	-0.454106
269.5	42.5	-0.34971	-0.454106
268.5	47.5	-0.346642	-0.454106
265.5	51.5	-0.34204	-0.452572
271.5	49.5	-0.331302	-0.454106
271.5	53.5	-0.31903	-0.454106
260.5	63.5	-0.305224	-0.454106
263.5	62.5	-0.291418	-0.454106
264.5	63.5	-0.276078	-0.452572
264.5	68.5	-0.259204	-0.452572
262.5	71.5	-0.254602	-0.452572
262.5	70.5	-0.254602	-0.452572
261.5	71.5	-0.254602	-0.449504
251.5	78.5	-0.254602	-0.441834
253.5	72.5	-0.254602	-0.420358
247.5	72.5	-0.256136	-0.40962
246.5	66.5	-0.254602	-0.406552
243.5	70.5	-0.254602	-0.395814
239.5	72.5	-0.254602	-0.388144
229.5	72.5	-0.254602	-0.365134
233.5	64.5	-0.254602	-0.354396
228.5	63.5	-0.254602	-0.345192
224.5	67.5	-0.254602	-0.33292
220.5	69.5	-0.254602	-0.320648
212.5	67.5	-0.254602	-0.30224
208.5	60.5	-0.254602	-0.289968
204.5	67.5	-0.254602	-0.274628
199.5	69.5	-0.254602	-0.266958
198.5	65.5	-0.254602	-0.25622
185.5	66.5	-0.254602	-0.242414
188.5	69.5	-0.254602	-0.220938
186.5	71.5	-0.254602	-0.211734
179.5	61.5	-0.254602	-0.204064
173.5	64.5	-0.254602	-0.193326
170.5	69.5	-0.254602	-0.182588
170.5	69.5	-0.254602	-0.170316
161.5	64.5	-0.254602	-0.161112
158.5	63.5	-0.253068	-0.139636
152.5	66.5	-0.254602	-0.12583
149.5	69.5	-0.254602	-0.11049
142.5	64.5	-0.253068	-0.0997519
134.5	65.5	-0.254602	-0.0890141
131.5	70.5	-0.254602	-0.066004
125.5	69.5	-0.254602	-0.0583339
122.5	70.5	-0.254602	-0.046062
116.5	65.5	-0.254602	-0.0322559
108.5	67.5	-0.254602	-0.01845
103.5	72.5	-0.254602	0.00609398
95.5	68.5	-0.254602	0.0152981
95.5	68.5	-0.254602	0.026036
89.5	63.5	-0.253068	0.0337059
86.5	63.5	-0.254602	0.0398421
80.5	74.5	-0.254602	0.049046
80.5	67.5	-0.253068	0.056716
77.5	65.5	-0.254602	0.0643861
68.5	67.5	-0.253068	0.0689881
73.5	67.5	-0.253068	0.0720561
72.5	61.5	-0.253068	0.075124
67.5	65.5	-0.251534	0.075124
69.5	66.5	-0.251534	0.079726
67.5	73.5	-0.25	0.0858622
69.5	64.5	-0.248466	0.0889301
70.5	64.5	-0.243864	0.108872
56.5	72.5	-0.239262	0.118076
54.5	63.5	-0.23466	0.122678
48.5	76.5	-0.228524	0.122678
57.5	75.5	-0.22699	0.122678
47.5	85.5	-0.21932	0.122678
53.5	85.5	-0.213184	0.122678
49.5	82.5	-0.205514	0.122678
53.5	99.5	-0.19631	0.121144
58.5	96.5	-0.18864	0.121144
58.5	91.5	-0.18097	0.11961
72.5	85.5	-0.170232	0.115008
56.5	96.5	-0.168698	0.108872
73.5	89.5	-0.168698	0.0966001
67.5	108.5	-0.168698	0.0843279
67.5	108.5	-0.168698	0.0628521
79.5	103.5	-0.170232	0.052114
92.5	88.5	-0.168698	0.0398421
88.5	108.5	-0.168698	0.02757
97.5	94.5	-0.168698	0.0137641
105.5	104.5	-0.168698	-0.0107799
110.5	97.5	-0.168698	-0.024586
117.5	101.5	-0.170232	-0.04146
124.5	98.5	-0.170232	-0.0583339
130.5	96.5	-0.168698	-0.066004
136.5	95.5	-0.168698	-0.090548
138.5	95.5	-0.170232	-0.101286
142.5	95.5	-0.168698	-0.108956
147.5	97.5	-0.168698	-0.119694
150.5	93.5	-0.168698	-0.130432
151.5	101.5	-0.168698	-0.144238
154.5	102.5	-0.170232	-0.154976
162.5	91.5	-0.168698	-0.167248
169.5	98.5	-0.168698	-0.17952
174.5	90.5	-0.170232	-0.190258
170.5	99.5	-0.170232	-0.205598
179.5	97.5	-0.170232	-0.213268
184.5	93.5	-0.170232	-0.224006
188.5	92.5	-0.168698	-0.236278
189.5	95.5	-0.170232	-0.245482
190.5	99.5	-0.168698	-0.262356
195.5	97.5	-0.168698	-0.274628
203.5	95.5	-0.168698	-0.285366
206.5	97.5	-0.170232	-0.29457
211.5	88.5	-0.170232	-0.30224
208.5	97.5	-0.168698	-0.312978
215.5	90.5	-0.168698	-0.319114
217.5	96.5	-0.170232	-0.323716
220.5	95.5	-0.168698	-0.33292
226.5	92.5	-0.168698	-0.342124
222.5	96.5	-0.170232	-0.346726
227.5	91.5	-0.170232	-0.346726
224.5	95.5	-0.170232	-0.34826
229.5	92.5	-0.170232	-0.357464
235.5	89.5	-0.170232	-0.369736
237.5	90.5	-0.170232	-0.38661
234.5	97.5	-0.168698	-0.389678
245.5	91.5	-0.168698	-0.39428
243.5	93.5	-0.168698	-0.400416
241.5	98.5	-0.170232	-0.408086
242.5	98.5	-0.170232	-0.426494
253.5	93.5	-0.170232	-0.446436
258.5	92.5	-0.170232	-0.461776
263.5	91.5	-0.168698	-0.467912
261.5	94.5	-0.170232	-0.472514
263.5	97.5	-0.170232	-0.490922
269.5	95.5	-0.170232	-0.50166
273.5	93.5	-0.170232	-0.504728
272.5	96.5	-0.170232	-0.504728
269.5	100.5	-0.148756	-0.503194
269.5	102.5	-0.13495	-0.503194
272.5	101.5	-0.116542	-0.503194
271.5	105.5	-0.099668	-0.503194
267.5	114.5	-0.0889301	-0.503194
266.5	118.5	-0.0720561	-0.503194
265.5	120.5	-0.0643861	-0.50166
267.5	119.5	-0.056716	-0.49399
262.5	109.5	-0.055182	-0.475582
249.5	125.5	-0.055182	-0.461776
244.5	123.5	-0.055182	-0.428028
239.5	125.5	-0.055182	-0.406552
230.5	124.5	-0.055182	-0.388144
230.5	118.5	-0.055182	-0.37127
224.5	118.5	-0.055182	-0.362066
220.5	118.5	-0.055182	-0.33292
213.5	122.5	-0.055182	-0.314512
201.5	125.5	-0.055182	-0.297638
196.5	125.5	-0.055182	-0.283832
184.5	132.5	-0.055182	-0.265424
180.5	129.5	-0.055182	-0.224006
175.5	128.5	-0.055182	-0.205598
171.5	126.5	-0.055182	-0.188724
165.5	127.5	-0.055182	-0.17185
161.5	126.5	-0.055182	-0.159578
152.5	133.5	-0.055182	-0.136568
145.5	131.5	-0.055182	-0.11816
141.5	131.5	-0.055182	-0.0997519
134.5	132.5	-0.055182	-0.0828779
128.5	133.5	-0.055182	-0.067538
124.5	132.5	-0.055182	-0.044528
117.5	136.5	-0.055182	-0.0307219
110.5	136.5	-0.055182	-0.0153821
106.5	136.5	-0.055182	0.00149202
95.5	138.5	-0.055182	0.0183661
86.5	140.5	-0.055182	0.0398421
84.5	140.5	-0.055182	0.053648
78.5	143.5	-0.055182	0.0643861
75.5	133.5	-0.055182	0.078192
69.5	141.5	-0.055182	0.0919981
70.5	139.5	-0.055182	0.107338
56.5	148.5	-0.055182	0.116542
56.5	141.5	-0.055182	0.122678
55.5	134.5	-0.0459781	0.125746
51.5	143.5	-0.0337059	0.125746
57.5	143.5	-0.0183661	0.125746
58.5	148.5	-0.0137641	0.125746
56.5	157.5	-0.00762796	0.125746
56.5	163.5	-0.00609398	0.124212
62.5	161.5	-0.00609398	0.115008
66.5	163.5	-0.00609398	0.082794
75.5	163.5	-0.00609398	0.07359
87.5	159.5	-0.00609398	0.053648
96.5	155.5	-0.00609398	0.032172
103.5	151.5	-0.00609398	0.0122299
114.5	149.5	-0.00609398	-0.0261199
119.5	149.5	-0.00609398	-0.0399261
130.5	148.5	-0.00609398	-0.0598679
138.5	143.5	-0.00609398	-0.0782759
140.5	145.5	-0.00609398	-0.09515
144.5	146.5	-0.00609398	-0.12583
150.5	146.5	-0.00609398	-0.142704
159.5	143.5	-0.00609398	-0.153442
164.5	136.5	-0.00609398	-0.165714
169.5	141.5	-0.00609398	-0.199462
171.5	147.5	-0.00609398	-0.214802
178.5	140.5	-0.00609398	-0.228608
184.5	140.5	-0.00609398	-0.237812
191.5	138.5	-0.00609398	-0.250084
197.5	139.5	-0.00609398	-0.280764
201.5	138.5	-0.00609398	-0.29457
207.5	135.5	-0.00609398	-0.303774
211.5	135.5	-0.00609398	-0.314512
213.5	135.5	-0.00609398	-0.326784
219.5	137.5	-0.00609398	-0.349794
229.5	130.5	-0.00609398	-0.372804
228.5	136.5	-0.00609398	-0.377406
230.5	138.5	-0.00762796	-0.382008
235.5	130.5	-0.00762796	-0.395814
234.5	136.5	-0.00762796	-0.411154
240.5	131.5	-0.00762796	-0.429562
252.5	130.5	-0.00762796	-0.4403
255.5	118.5	-0.00762796	-0.451038
261.5	123.5	-0.00762796	-0.480184
263.5	124.5	-0.00762796	-0.492456
262.5	133.5	-0.00762796	-0.500126
270.5	133.5	-0.00609398	-0.504728
271.5	127.5	-0.00609398	-0.507796
267.5	135.5	-0.00609398	-0.50933
267.5	136.5	-0.00609398	-0.50933
268.5	138.5	0.00310993	-0.507796
264.5	142.5	0.016916	-0.50933
265.5	147.5	0.0291879	-0.507796
264.5	147.5	0.0399261	-0.507796
270.5	144.5	0.0521979	-0.507796
265.5	150.5	0.0644701	-0.507796
270.5	150.5	0.073674	-0.507796
262.5	156.5	0.0752079	-0.495524
251.5	161.5	0.073674	-0.475582
247.5	158.5	0.0752079	-0.460242
245.5	156.5	0.073674	-0.443368
236.5	160.5	0.0752079	-0.42496
231.5	158.5	0.0752079	-0.389678
232.5	154.5	0.0752079	-0.380474
219.5	163.5	0.0752079	-0.3636
216.5	161.5	0.0752079	-0.349794
213.5	155.5	0.07214	-0.33292
202.5	159.5	0.067538	-0.300706
195.5	164.5	0.066004	-0.2869
191.5	161.5	0.066004	-0.273094
178.5	165.5	0.0644701	-0.250084
175.5	165.5	0.0629361	-0.22554
166.5	165.5	0.0614018	-0.18719
160.5	166.5	0.0614018	-0.173384
156.5	167.5	0.0614018	-0.154976
150.5	167.5	0.0614018	-0.136568
140.5	167.5	0.0614018	-0.098218
132.5	169.5	0.0614018	-0.0798099
126.5	172.5	0.0614018	-0.067538
120.5	174.5	0.0614018	-0.04146
114.5	175.5	0.0598679	-0.021518
105.5	176.5	0.0583339	-4.19617e-05
96.5	177.5	0.0567999	0.029104
89.5	172.5	0.0567999	0.049046
74.5	175.5	0.0567999	0.0720561
74.5	172.5	0.0567999	0.0858622
65.5	183.5	0.0537319	0.105804
66.5	182.5	0.0537319	0.113474
61.5	186.5	0.0537319	0.116542
60.5	187.5	0.0537319	0.116542
59.5	185.5	0.0583339	0.116542
62.5	191.5	0.070606	0.115008
78.5	168.5	0.0767419	0.113474
68.5	183.5	0.0813439	0.113474
69.5	194.5	0.0813439	0.11194
69.5	178.5	0.0813439	0.107338
80.5	191.5	0.0828779	0.0904641
88.5	189.5	0.0828779	0.05058
93.5	188.5	0.0828779	0.026036
104.5	184.5	0.0828779	0.00302601
110.5	184.5	0.0828779	-0.021518
128.5	177.5	0.0828779	-0.0383921
131.5	180.5	0.0828779	-0.0859461
141.5	177.5	0.0828779	-0.108956
149.5	175.5	0.0828779	-0.128898
153.5	177.5	0.0828779	-0.14884
162.5	172.5	0.0828779	-0.162646
167.5	179.5	0.0828779	-0.199462
177.5	168.5	0.0828779	-0.21787
179.5	177.5	0.0828779	-0.237812
188.5	167.5	0.0828779	-0.257754
194.5	165.5	0.0828779	-0.273094
200.5	164.5	0.0828779	-0.300706
203.5	169.5	0.0828779	-0.316046
209.5	169.5	0.0828779	-0.328318
213.5	164.5	0.0828779	-0.34059
220.5	164.5	0.0828779	-0.354396
223.5	162.5	0.0828779	-0.37894
228.5	160.5	0.0828779	-0.395814
235.5	162.5	0.0844119	-0.412688
238.5	166.5	0.0844119	-0.434164
254.5	156.5	0.0844119	-0.452572
254.5	150.5	0.0844119	-0.466378
262.5	152.5	0.0844119	-0.483252
264.5	157.5	0.0844119	-0.49399
274.5	148.5	0.0844119	-0.498592
266.5	150.5	0.0844119	-0.498592
266.5	158.5	0.0859461	-0.500126
268.5	154.5	0.0859461	-0.50166
265.5	152.5	0.0890141	-0.50166
268.5	162.5	0.107422	-0.50166
266.5	161.5	0.130432	-0.500126
265.5	170.5	0.159578	-0.500126
264.5	173.5	0.159578	-0.50166
262.5	181.5	0.161112	-0.500126
264.5	176.5	0.17185	-0.500126
261.5	185.5	0.17952	-0.498592
260.5	179.5	0.17952	-0.492456
255.5	175.5	0.17952	-0.47098
248.5	185.5	0.177986	-0.454106
244.5	179.5	0.176452	-0.444902
239.5	183.5	0.17185	-0.42496
235.5	177.5	0.17185	-0.37894
221.5	183.5	0.170316	-0.357464
213.5	187.5	0.168782	-0.337522
207.5	187.5	0.168782	-0.311444
198.5	186.5	0.168782	-0.29457
187.5	195.5	0.168782	-0.270026
180.5	193.5	0.168782	-0.22554
177.5	193.5	0.170316	-0.20253
166.5	197.5	0.170316	-0.177986
158.5	198.5	0.170316	-0.15651
150.5	199.5	0.168782	-0.1335
144.5	199.5	0.168782	-0.11049
132.5	205.5	0.165714	-0.07214
128.5	193.5	0.162646	-0.047596
118.5	200.5	0.159578	-0.023052
114.5	188.5	0.15651	-0.00157595
102.5	194.5	0.151908	0.0183661
95.5	193.5	0.14884	0.052114
91.5	191.5	0.147306	0.05825
87.5	195.5	0.144238	0.0705221
81.5	191.5	0.14117	0.07359
84.5	188.5	0.139636	0.07359
85.5	188.5	0.138102	0.0628521
87.5	190.5	0.138102	0.052114
101.5	191.5	0.138102	0.029104
101.5	191.5	0.138102	0.00762796
116.5	200.5	0.138102	-0.0123138
116.5	200.5	0.138102	-0.0383921
134.5	186.5	0.138102	-0.0828779
141.5	193.5	0.138102	-0.108956
155.5	188.5	0.138102	-0.1335
157.5	191.5	0.138102	-0.154976
167.5	188.5	0.138102	-0.17185
172.5	189.5	0.142704	-0.200996
177.5	188.5	0.147306	-0.208666
181.5	192.5	0.153442	-0.220938
189.5	188.5	0.159578	-0.237812
193.5	194.5	0.167248	-0.253152
198.5	194.5	0.185656	-0.283832
201.5	197.5	0.191792	-0.289968
206.5	200.5	0.199462	-0.297638
206.5	195.5	0.208666	-0.306842
214.5	201.5	0.211734	-0.311444
216.5	202.5	0.219404	-0.331386
216.5	196.5	0.220938	-0.339056
222.5	196.5	0.222472	-0.349794
222.5	198.5	0.222472	-0.358998
228.5	195.5	0.224006	-0.365134
234.5	204.5	0.24088	-0.382008
229.5	201.5	0.254686	-0.391212
233.5	204.5	0.265424	-0.397348
240.5	209.5	0.280764	-0.411154
244.5	210.5	0.29457	-0.428028
250.5	210.5	0.305308	-0.461776
255.5	210.5	0.305308	-0.47865
260.5	206.5	0.305308	-0.489388
264.5	210.5	0.305308	-0.504728
267.5	210.5	0.305308	-0.518534
271.5	209.5	0.305308	-0.538476
277.5	208.5	0.305308	-0.543078
275.5	205.5	0.305308	-0.54768
275.5	205.5	0.305308	-0.549214
276.5	200.5	0.305308	-0.553816
273.5	195.5	0.296104	-0.561486
285.5	202.5	0.280764	-0.561486
283.5	197.5	0.257754	-0.561486
283.5	193.5	0.237812	-0.561486
284.5	189.5	0.224006	-0.561486
284.5	181.5	0.204064	-0.561486
281.5	179.5	0.162646	-0.561486
282.5	168.5	0.139636	-0.561486
278.5	171.5	0.115092	-0.561486
278.5	162.5	0.0997519	-0.561486
283.5	149.5	0.0752079	-0.561486
279.5	149.5	0.04146	-0.559952
275.5	152.5	0.0322559	-0.559952
279.5	141.5	0.016916	-0.559952
278.5	138.5	0.00464392	-0.559952
274.5	138.5	-0.00916195	-0.559952
280.5	129.5	-0.0367742	-0.559952
277.5	129.5	-0.053648	-0.558418
277.5	124.5	-0.0643861	-0.558418
280.5	118.5	-0.078192	-0.558418
278.5	115.5	-0.0919981	-0.553816
278.5	108.5	-0.122678	-0.550748
280.5	103.5	-0.138018	-0.550748
276.5	103.5	-0.154892	-0.550748
283.5	93.5	-0.170232	-0.549214
280.5	88.5	-0.185572	-0.544612
290.5	82.5	-0.197844	-0.541544
284.5	67.5	-0.239262	-0.52467
278.5	72.5	-0.246932	-0.518534
272.5	71.5	-0.25767	-0.510864
268.5	69.5	-0.263806	-0.500126
275.5	48.5	-0.268408	-0.484786
274.5	46.5	-0.27301	-0.446436
260.5	43.5	-0.276078	-0.428028
255.5	47.5	-0.276078	-0.41729
247.5	42.5	-0.277612	-0.405018
245.5	44.5	-0.277612	-0.397348
244.5	44.5	-0.276078	-0.388144
247.5	49.5	-0.266874	-0.382008
235.5	65.5	-0.251534	-0.37894
230.5	72.5	-0.23466	-0.377406
231.5	75.5	-0.213184	-0.377406
234.5	72.5	-0.202446	-0.377406
230.5	85.5	-0.164096	-0.377406
236.5	85.5	-0.14262	-0.375872
239.5	89.5	-0.125746	-0.37127
230.5	97.5	-0.110406	-0.366668
227.5	99.5	-0.098134	-0.365134
228.5	108.5	-0.078192	-0.360532
212.5	128.5	-0.0628521	-0.34826
211.5	130.5	-0.0459781	-0.334454
208.5	134.5	-0.0337059	-0.32525
206.5	140.5	-0.0229681	-0.32525
203.5	145.5	-0.00302601	-0.32525
206.5	145.5	0.0107799	-0.322182
205.5	150.5	0.023052	-0.319114
201.5	154.5	0.0291879	-0.311444
200.5	155.5	0.0307219	-0.303774
196.5	154.5	0.0337899	-0.289968
193.5	155.5	0.0337899	-0.27923
186.5	158.5	0.0383921	-0.262356
188.5	149.5	0.042994	-0.239346
178.5	162.5	0.0644701	-0.224006
174.5	173.5	0.0767419	-0.222472
179.5	164.5	0.0844119	-0.220938
174.5	176.5	0.09515	-0.216336
171.5	181.5	0.104354	-0.208666
170.5	185.5	0.11816	-0.207132
172.5	186.5	0.124296	-0.205598
172.5	190.5	0.135034	-0.205598
172.5	192.5	0.139636	-0.205598
175.5	188.5	0.139636	-0.208666
177.5	190.5	0.139636	-0.214802
187.5	179.5	0.139636	-0.234744
188.5	189.5	0.139636	-0.250084
196.5	182.5	0.14117	-0.262356
206.5	184.5	0.151908	-0.314512
214.5	187.5	0.154976	-0.337522
219.5	182.5	0.15651	-0.351328
223.5	190.5	0.159578	-0.358998
229.5	183.5	0.174918	-0.385076
234.5	190.5	0.191792	-0.405018
239.5	186.5	0.200996	-0.414222
244.5	194.5	0.216336	-0.426494
248.5	197.5	0.227074	-0.435698
252.5	195.5	0.23321	-0.457174
257.5	195.5	0.231676	-0.461776
256.5	190.5	0.231676	-0.461776
255.5	188.5	0.21787	-0.461776
253.5	185.5	0.20253	-0.461776
252.5	179.5	0.167248	-0.460242
253.5	168.5	0.144238	-0.460242
250.5	173.5	0.124296	-0.460242
258.5	154.5	0.10282	-0.460242
250.5	161.5	0.0583339	-0.460242
252.5	149.5	0.0399261	-0.458708
248.5	150.5	0.019984	-0.457174
249.5	141.5	0.0061779	-0.457174
248.5	135.5	-0.0137641	-0.454106
246.5	137.5	-0.055182	-0.452572
251.5	118.5	-0.0720561	-0.44797
256.5	106.5	-0.0919981	-0.446436
254.5	94.5	-0.11961	-0.434164
242.5	101.5	-0.144154	-0.420358
249.5	85.5	-0.156426	-0.418824
250.5	80.5	-0.177902	-0.418824
251.5	79.5	-0.190174	-0.418824
242.5	85.5	-0.200912	-0.41729
245.5	78.5	-0.213184	-0.414222
240.5	78.5	-0.220854	-0.411154
246.5	51.5	-0.23466	-0.40195
246.5	51.5	-0.243864	-0.389678
249.5	56.5	-0.25	-0.366668
242.5	56.5	-0.25	-0.357464
235.5	59.5	-0.25	-0.343658
232.5	56.5	-0.25	-0.331386
219.5	52.5	-0.25	-0.30991
213.5	52.5	-0.25	-0.273094
207.5	53.5	-0.25	-0.262356
204.5	52.5	-0.25	-0.253152
200.5	51.5	-0.25	-0.245482
194.5	52.5	-0.25	-0.228608
192.5	53.5	-0.25	-0.228608
189.5	55.5	-0.23466	-0.228608
187.5	62.5	-0.217786	-0.227074
190.5	70.5	-0.207048	-0.227074
182.5	88.5	-0.191708	-0.228608
188.5	89.5	-0.156426	-0.228608
179.5	103.5	-0.13495	-0.228608
182.5	107.5	-0.116542	-0.227074
180.5	114.5	-0.101202	-0.227074
189.5	109.5	-0.0597839	-0.228608
179.5	129.5	-0.0398421	-0.228608
179.5	135.5	-0.0183661	-0.228608
178.5	144.5	0.00157595	-0.227074
178.5	150.5	0.024586	-0.227074
180.5	160.5	0.0383921	-0.227074
179.5	170.5	0.07214	-0.227074
178.5	172.5	0.0859461	-0.227074
177.5	174.5	0.101286	-0.22554
180.5	180.5	0.116626	-0.22554
178.5	184.5	0.127364	-0.22554
179.5	189.5	0.14117	-0.220938
175.5	192.5	0.144238	-0.211734
168.5	195.5	0.142704	-0.19486
166.5	192.5	0.142704	-0.176452
160.5	192.5	0.142704	-0.165714
160.5	192.5	0.139636	-0.165714
160.5	184.5	0.127364	-0.165714
159.5	183.5	0.108956	-0.165714
162.5	173.5	0.092082	-0.165714
159.5	169.5	0.0767419	-0.165714
157.5	167.5	0.0506639	-0.165714
156.5	162.5	0.0337899	-0.165714
159.5	152.5	0.0153821	-0.165714
158.5	148.5	-0.00302601	-0.165714
168.5	129.5	-0.0214341	-0.16418
162.5	128.5	-0.0475121	-0.16418
159.5	128.5	-0.0689881	-0.16418
159.5	120.5	-0.0873961	-0.161112
158.5	117.5	-0.10427	-0.161112
164.5	104.5	-0.113474	-0.161112
160.5	97.5	-0.138018	-0.161112
160.5	96.5	-0.151824	-0.161112
163.5	88.5	-0.161028	-0.161112
159.5	89.5	-0.1733	-0.159578
164.5	74.5	-0.190174	-0.15651
157.5	81.5	-0.21932	-0.147306
159.5	57.5	-0.233126	-0.142704
161.5	53.5	-0.240796	-0.139636
159.5	59.5	-0.253068	-0.136568
158.5	48.5	-0.262272	-0.136568
161.5	45.5	-0.276078	-0.135034
159.5	41.5	-0.279146	-0.135034
158.5	39.5	-0.283748	-0.135034
159.5	39.5	-0.285282	-0.130432
154.5	34.5	-0.289884	-0.11816
142.5	44.5	-0.291418	-0.098218
138.5	43.5	-0.291418	-0.0752079
148.5	27.5	-0.294486	-0.069072
136.5	34.5	-0.294486	-0.0598679
127.5	43.5	-0.294486	-0.0552659
125.5	38.5	-0.294486	-0.04913
125.5	35.5	-0.294486	-0.0399261
125.5	42.5	-0.291418	-0.0399261
126.5	44.5	-0.282214	-0.0399261
122.5	44.5	-0.268408	-0.0399261
122.5	53.5	-0.24233	-0.0399261
117.5	60.5	-0.22699	-0.0399261
122.5	65.5	-0.21165	-0.0399261
122.5	72.5	-0.194776	-0.0399261
120.5	81.5	-0.176368	-0.0399261
118.5	91.5	-0.16563	-0.0399261
115.5	94.5	-0.131882	-0.0399261
123.5	107.5	-0.115008	-0.0399261
116.5	119.5	-0.0919981	-0.0399261
119.5	131.5	-0.07359	-0.0399261
122.5	132.5	-0.0475121	-0.0399261
118.5	144.5	-0.032172	-0.0399261
122.5	145.5	-0.0122299	-0.0399261
120.5	153.5	0.0061779	-0.0399261
118.5	163.5	0.021518	-0.0399261
117.5	171.5	0.0521979	-0.0399261
117.5	176.5	0.0614018	-0.0399261
123.5	168.5	0.0752079	-0.0399261
119.5	186.5	0.090548	-0.0399261
125.5	182.5	0.104354	-0.0399261
124.5	184.5	0.131966	-0.0399261
123.5	188.5	0.14117	-0.0399261
119.5	198.5	0.142704	-0.04146
120.5	192.5	0.142704	-0.04146
131.5	184.5	0.142704	-0.0644701
136.5	195.5	0.139636	-0.0828779
142.5	191.5	0.138102	-0.0997519
146.5	190.5	0.135034	-0.113558
150.5	190.5	0.1335	-0.122762
152.5	188.5	0.1335	-0.127364
150.5	188.5	0.1335	-0.113558
143.5	185.5	0.1335	-0.0890141
133.5	194.5	0.1335	-0.070606
126.5	195.5	0.1335	-0.0598679
119.5	198.5	0.1335	-0.023052
113.5	196.5	0.130432	-0.0061779
104.5	198.5	0.12583	0.0106959
100.5	192.5	0.124296	0.026036
95.5	187.5	0.12583	0.0398421
90.5	186.5	0.122762	0.0597839
91.5	192.5	0.11816	0.0659201
85.5	184.5	0.105888	0.0659201
83.5	187.5	0.0874801	0.0674541
82.5	174.5	0.0644701	0.0659201
82.5	164.5	0.021518	0.0689881
79.5	161.5	-0.00149202	0.0705221
79.5	145.5	-0.024502	0.0720561
78.5	140.5	-0.0398421	0.0720561
76.5	135.5	-0.078192	0.0720561
78.5	126.5	-0.0904641	0.0720561
75.5	118.5	-0.107338	0.0720561
77.5	112.5	-0.11961	0.0720561
80.5	104.5	-0.131882	0.0720561
72.5	96.5	-0.147222	0.07359
77.5	87.5	-0.167164	0.078192
76.5	83.5	-0.174834	0.079726
72.5	80.5	-0.185572	0.082794
70.5	79.5	-0.191708	0.0858622
71.5	77.5	-0.208582	0.0873961
73.5	66.5	-0.217786	0.0858622
71.5	66.5	-0.22699	0.0858622
77.5	55.5	-0.233126	0.0873961
67.5	59.5	-0.237728	0.0889301
59.5	58.5	-0.246932	0.0904641
64.5	58.5	-0.260738	0.0966001
65.5	50.5	-0.266874	0.0966001
65.5	51.5	-0.269942	0.0966001
64.5	43.5	-0.269942	0.0966001
66.5	45.5	-0.269942	0.0966001
74.5	41.5	-0.271476	0.0966001
71.5	44.5	-0.271476	0.0919981
71.5	46.5	-0.271476	0.0873961
44.5	40.5	-0.271476	0.0873961
54.5	53.5	-0.271476	0.0904641
63.5	51.5	-0.269942	0.105804
62.5	48.5	-0.271476	0.118076
42.5	55.5	-0.271476	0.12728
53.5	46.5	-0.269942	0.14262
53.5	46.5	-0.269942	0.159494
53.5	46.5	-0.269942	0.168698
53.5	46.5	-0.269942	0.174834
53.5	46.5	-0.259204	0.174834
36.5	60.5	-0.24233	0.174834
36.5	60.5	-0.225456	0.174834
28.5	86.5	-0.210116	0.1733
28.5	86.5	-0.197844	0.174834
28.5	86.5	-0.174834	0.174834
32.5	97.5	-0.16563	0.1733
44.5	94.5	-0.153358	0.171766
49.5	98.5	-0.144154	0.170232
40.5	104.5	-0.131882	0.170232
38.5	119.5	-0.108872	0.170232
41.5	126.5	-0.098134	0.170232
53.5	121.5	-0.0858622	0.170232
42.5	129.5	-0.079726	0.170232
42.5	129.5	-0.0705221	0.170232
42.5	129.5	-0.053648	0.170232
42.5	143.5	-0.0429101	0.168698
43.5	144.5	-0.032172	0.168698
41.5	148.5	-0.026036	0.168698
45.5	165.5	-0.00609398	0.168698
44.5	160.5	0.00310993	0.168698
42.5	172.5	0.00924587	0.168698
43.5	162.5	0.016916	0.168698
45.5	176.5	0.019984	0.168698
44.5	173.5	0.023052	0.168698
49.5	177.5	0.0383921	0.151824
54.5	187.5	0.046062	0.144154
57.5	176.5	0.0521979	0.141086
58.5	183.5	0.0567999	0.141086
60.5	191.5	0.0614018	0.139552
63.5	194.5	0.073674	0.128814
74.5	172.5	0.0752079	0.122678
72.5	186.5	0.0752079	0.11961
69.5	179.5	0.0752079	0.11961
72.5	185.5	0.0752079	0.115008
72.5	182.5	0.0752079	0.113474
70.5	178.5	0.0782759	0.113474
69.5	181.5	0.0828779	0.116542
69.5	183.5	0.0874801	0.12728
67.5	185.5	0.0859461	0.139552
60.5	184.5	0.0859461	0.15029
55.5	185.5	0.0859461	0.159494
51.5	186.5	0.0859461	0.168698
69.5	170.5	0.0859461	0.170232
51.5	184.5	0.0859461	0.170232
55.5	183.5	0.0859461	0.162562
56.5	185.5	0.0859461	0.14262
64.5	184.5	0.0859461	0.125746
72.5	181.5	0.0859461	0.0843279
81.5	180.5	0.0859461	0.07359
90.5	190.5	0.0859461	0.056716
93.5	177.5	0.0859461	0.0367742
102.5	185.5	0.0859461	0.0183661
114.5	175.5	0.0874801	-0.023052
121.5	184.5	0.0874801	-0.04146
127.5	183.5	0.0874801	-0.0521979
136.5	176.5	0.0874801	-0.067538
141.5	178.5	0.0874801	-0.092082
139.5	184.5	0.0874801	-0.0997519
143.5	177.5	0.0874801	-0.105888
146.5	180.5	0.0874801	-0.115092
149.5	180.5	0.090548	-0.122762
155.5	176.5	0.092082	-0.139636
160.5	180.5	0.09515	-0.167248
166.5	177.5	0.09515	-0.17952
172.5	175.5	0.096684	-0.193326
176.5	178.5	0.101286	-0.204064
180.5	179.5	0.107422	-0.216336
183.5	179.5	0.11049	-0.234744
188.5	181.5	0.116626	-0.245482
189.5	184.5	0.11816	-0.254686
195.5	179.5	0.119694	-0.259288
199.5	176.5	0.119694	-0.27156
205.5	169.5	0.122762	-0.297638
205.5	177.5	0.121228	-0.305308
207.5	181.5	0.121228	-0.308376
209.5	177.5	0.121228	-0.311444
210.5	176.5	0.121228	-0.316046
212.5	175.5	0.121228	-0.337522
219.5	172.5	0.121228	-0.34826
220.5	173.5	0.121228	-0.35593
225.5	172.5	0.121228	-0.362066
229.5	173.5	0.121228	-0.375872
233.5	171.5	0.121228	-0.39428
236.5	172.5	0.121228	-0.40195
239.5	170.5	0.121228	-0.415756
245.5	166.5	0.121228	-0.431096
248.5	172.5	0.121228	-0.452572
255.5	163.5	0.121228	-0.461776
257.5	167.5	0.122762	-0.474048
262.5	165.5	0.122762	-0.487854
266.5	165.5	0.121228	-0.497058
268.5	163.5	0.121228	-0.506262
270.5	162.5	0.122762	-0.506262
268.5	162.5	0.121228	-0.504728
270.5	158.5	0.11816	-0.506262
268.5	157.5	0.105888	-0.506262
271.5	151.5	0.073674	-0.504728
268.5	148.5	0.0567999	-0.504728
263.5	150.5	0.04913	-0.504728
262.5	146.5	0.0368581	-0.503194
268.5	130.5	0.0368581	-0.49399
260.5	136.5	0.0368581	-0.475582
250.5	144.5	0.0368581	-0.449504
241.5	151.5	0.0368581	-0.429562
243.5	139.5	0.0368581	-0.414222
228.5	152.5	0.0368581	-0.392746
230.5	140.5	0.0368581	-0.358998
219.5	147.5	0.0368581	-0.342124
214.5	151.5	0.0368581	-0.32525
204.5	155.5	0.0368581	-0.314512
204.5	149.5	0.0368581	-0.303774
199.5	151.5	0.0368581	-0.27156
187.5	158.5	0.0368581	-0.253152
184.5	154.5	0.0368581	-0.23321
182.5	154.5	0.0368581	-0.224006
174.5	155.5	0.0368581	-0.213268
168.5	161.5	0.0383921	-0.196394
169.5	159.5	0.0383921	-0.170316
161.5	157.5	0.04146	-0.161112
157.5	159.5	0.04146	-0.144238
146.5	164.5	0.042994	-0.12583
144.5	165.5	0.042994	-0.101286
138.5	164.5	0.042994	-0.0859461
132.5	167.5	0.042994	-0.067538
121.5	171.5	0.042994	-0.0521979
117.5	169.5	0.044528	-0.0399261
113.5	168.5	0.046062	-0.0061779
106.5	173.5	0.046062	0.00609398
101.5	171.5	0.046062	0.0229681
93.5	176.5	0.046062	0.0337059
87.5	171.5	0.046062	0.0689881
82.5	177.5	0.046062	0.076658
80.5	175.5	0.046062	0.0873961
70.5	181.5	0.046062	0.0950661
72.5	179.5	0.046062	0.099668
66.5	177.5	0.046062	0.11194
63.5	184.5	0.046062	0.11961
61.5	172.5	0.046062	0.125746
60.5	169.5	0.04146	0.131882
57.5	172.5	0.0353239	0.133416
59.5	168.5	0.0123138	0.133416
57.5	155.5	-0.00149202	0.133416
59.5	155.5	-0.0106959	0.133416
54.5	143.5	-0.0229681	0.133416
56.5	147.5	-0.0337059	0.133416
56.5	147.5	-0.052114	0.133416
55.5	133.5	-0.056716	0.133416
55.5	133.5	-0.055182	0.130348
60.5	138.5	-0.055182	0.122678
66.5	132.5	-0.055182	0.10427
73.5	138.5	-0.056716	0.07359
83.5	130.5	-0.055182	0.0597839
92.5	131.5	-0.055182	0.0444441
96.5	131.5	-0.056716	0.0352399
103.5	133.5	-0.055182	-4.19617e-05
112.5	134.5	-0.055182	-0.0153821
117.5	129.5	-0.053648	-0.0337899
123.5	137.5	-0.0459781	-0.0567999
135.5	136.5	-0.0429101	-0.0798099
148.5	127.5	-0.0413761	-0.11049
148.5	132.5	-0.0413761	-0.12583
155.5	138.5	-0.0398421	-0.14117
161.5	135.5	-0.0383081	-0.158044
167.5	135.5	-0.0367742	-0.173384
167.5	135.5	-0.0352399	-0.18719
174.5	135.5	-0.0352399	-0.208666
184.5	126.5	-0.0337059	-0.21787
185.5	133.5	-0.032172	-0.228608
183.5	137.5	-0.030638	-0.245482
195.5	136.5	-0.029104	-0.262356
202.5	135.5	-0.029104	-0.282298
205.5	133.5	-0.026036	-0.306842
217.5	124.5	-0.026036	-0.319114
215.5	134.5	-0.026036	-0.334454
221.5	135.5	-0.026036	-0.351328
226.5	136.5	-0.026036	-0.365134
233.5	134.5	-0.026036	-0.38661
234.5	135.5	-0.024502	-0.400416
239.5	136.5	-0.0229681	-0.414222
247.5	123.5	-0.0214341	-0.443368
247.5	136.5	-0.0214341	-0.45564
260.5	124.5	-0.0229681	-0.466378
261.5	124.5	-0.0214341	-0.472514
260.5	127.5	-0.0214341	-0.475582
260.5	126.5	-0.0214341	-0.475582
266.5	120.5	-0.024502	-0.475582
257.5	132.5	-0.026036	-0.475582
257.5	131.5	-0.029104	-0.480184
262.5	130.5	-0.032172	-0.490922
265.5	122.5	-0.0398421	-0.492456
260.5	128.5	-0.052114	-0.490922
263.5	122.5	-0.0659201	-0.492456
266.5	110.5	-0.08126	-0.490922
273.5	101.5	-0.101202	-0.492456
271.5	93.5	-0.107338	-0.490922
265.5	107.5	-0.113474	-0.490922
264.5	104.5	-0.116542	-0.490922
263.5	105.5	-0.116542	-0.484786
257.5	106.5	-0.116542	-0.457174
246.5	109.5	-0.118076	-0.443368
241.5	107.5	-0.118076	-0.428028
238.5	107.5	-0.11961	-0.408086
231.5	101.5	-0.11961	-0.38661
227.5	101.5	-0.11961	-0.358998
228.5	95.5	-0.11961	-0.34059
214.5	104.5	-0.121144	-0.322182
216.5	94.5	-0.121144	-0.305308
210.5	93.5	-0.11961	-0.289968
195.5	105.5	-0.121144	-0.250084
186.5	102.5	-0.121144	-0.228608
178.5	106.5	-0.121144	-0.2102
167.5	112.5	-0.121144	-0.193326
161.5	109.5	-0.121144	-0.176452
156.5	109.5	-0.121144	-0.144238
152.5	109.5	-0.11961	-0.128898
146.5	103.5	-0.121144	-0.11816
139.5	112.5	-0.11961	-0.101286
133.5	112.5	-0.11961	-0.0859461
128.5	98.5	-0.116542	-0.04913
119.5	116.5	-0.116542	-0.0291879
107.5	118.5	-0.11194	-0.0153821
103.5	113.5	-0.110406	0.00609398
92.5	111.5	-0.101202	0.0337059
88.5	122.5	-0.098134	0.049046
84.5	123.5	-0.098134	0.0643861
74.5	127.5	-0.098134	0.08126
69.5	122.5	-0.098134	0.0904641
59.5	125.5	-0.0935321	0.116542
53.5	137.5	-0.0935321	0.128814
50.5	131.5	-0.0935321	0.136484
48.5	121.5	-0.0935321	0.145688
43.5	120.5	-0.0935321	0.153358
44.5	135.5	-0.0935321	0.154892
42.5	121.5	-0.101202	0.153358
39.5	118.5	-0.108872	0.153358
44.5	110.5	-0.118076	0.153358
44.5	113.5	-0.136484	0.154892
44.5	113.5	-0.145688	0.153358
41.5	104.5	-0.156426	0.153358
42.5	97.5	-0.167164	0.153358
40.5	89.5	-0.174834	0.153358
44.5	80.5	-0.176368	0.153358
48.5	82.5	-0.176368	0.15029
47.5	90.5	-0.176368	0.14262
49.5	90.5	-0.176368	0.131882
54.5	86.5	-0.176368	0.116542
65.5	79.5	-0.176368	0.098134
73.5	86.5	-0.177902	0.0720561
78.5	82.5	-0.177902	0.056716
91.5	80.5	-0.176368	0.0383081
94.5	90.5	-0.177902	0.0214341
102.5	82.5	-0.177902	0.00609398
107.5	81.5	-0.177902	-0.024586
120.5	78.5	-0.177902	-0.0399261
130.5	76.5	-0.177902	-0.0567999
132.5	75.5	-0.176368	-0.070606
142.5	78.5	-0.177902	-0.090548
151.5	79.5	-0.177902	-0.11816
158.5	83.5	-0.177902	-0.136568
163.5	80.5	-0.176368	-0.154976
162.5	96.5	-0.170232	-0.176452
172.5	94.5	-0.170232	-0.193326
179.5	98.5	-0.168698	-0.228608
189.5	91.5	-0.16563	-0.242414
192.5	94.5	-0.16563	-0.26389
206.5	86.5	-0.16563	-0.285366
216.5	82.5	-0.16563	-0.306842
216.5	95.5	-0.16563	-0.342124
220.5	95.5	-0.16563	-0.354396
235.5	80.5	-0.16563	-0.37127
235.5	92.5	-0.16563	-0.38661
243.5	78.5	-0.16563	-0.398882
249.5	83.5	-0.16563	-0.437232
256.5	96.5	-0.16563	-0.454106
266.5	83.5	-0.16563	-0.464844
260.5	99.5	-0.16563	-0.47865
262.5	98.5	-0.16563	-0.489388
269.5	96.5	-0.16563	-0.50166
274.5	90.5	-0.16563	-0.50166
272.5	94.5	-0.168698	-0.50166
273.5	89.5	-0.177902	-0.50166
274.5	83.5	-0.190174	-0.50166
274.5	82.5	-0.214718	-0.50166
278.5	75.5	-0.225456	-0.500126
272.5	75.5	-0.236194	-0.498592
277.5	65.5	-0.24233	-0.497058
277.5	66.5	-0.262272	-0.49399
282.5	54.5	-0.271476	-0.490922
271.5	63.5	-0.276078	-0.487854
277.5	47.5	-0.279146	-0.481718
278.5	50.5	-0.279146	-0.461776
260.5	63.5	-0.279146	-0.44797
264.5	49.5	-0.279146	-0.428028
260.5	48.5	-0.28068	-0.406552
236.5	60.5	-0.279146	-0.383542
245.5	54.5	-0.279146	-0.362066
225.5	60.5	-0.279146	-0.329852
228.5	50.5	-0.279146	-0.312978
220.5	43.5	-0.279146	-0.29457
205.5	58.5	-0.279146	-0.277696
196.5	58.5	-0.279146	-0.25622
192.5	43.5	-0.279146	-0.219404
182.5	42.5	-0.279146	-0.200996
179.5	41.5	-0.279146	-0.18719
168.5	43.5	-0.279146	-0.17185
171.5	48.5	-0.277612	-0.1335
158.5	52.5	-0.276078	-0.11816
152.5	51.5	-0.276078	-0.107422
145.5	53.5	-0.27301	-0.0874801
140.5	52.5	-0.271476	-0.066004
122.5	54.5	-0.268408	-0.0506639
125.5	46.5	-0.268408	-0.0291879
121.5	43.5	-0.268408	-0.00924587
102.5	47.5	-0.268408	0.00762796
102.5	46.5	-0.266874	0.026036
90.5	54.5	-0.263806	0.053648
82.5	49.5	-0.25767	0.0659201
74.5	57.5	-0.251534	0.078192
74.5	53.5	-0.248466	0.0919981
60.5	58.5	-0.245398	0.101202
63.5	61.5	-0.24233	0.110406
55.5	62.5	-0.236194	0.108872
55.5	71.5	-0.220854	0.108872
55.5	75.5	-0.207048	0.108872
60.5	81.5	-0.190174	0.108872
59.5	85.5	-0.176368	0.108872
59.5	91.5	-0.164096	0.108872
62.5	94.5	-0.147222	0.108872
65.5	103.5	-0.13495	0.108872
60.5	110.5	-0.11194	0.108872
61.5	112.5	-0.0966001	0.108872
62.5	125.5	-0.082794	0.108872
65.5	123.5	-0.0674541	0.108872
63.5	140.5	-0.052114	0.108872
66.5	141.5	-0.024502	0.108872
66.5	146.5	-0.0122299	0.108872
66.5	158.5	-0.00149202	0.108872
66.5	159.5	0.0123138	0.108872
66.5	172.5	0.024586	0.108872
67.5	166.5	0.0368581	0.108872
65.5	164.5	0.044528	0.110406
66.5	169.5	0.0537319	0.115008
62.5	187.5	0.067538	0.121144
68.5	181.5	0.0813439	0.125746
60.5	182.5	0.092082	0.125746
63.5	186.5	0.0997519	0.125746
64.5	188.5	0.0997519	0.124212
67.5	184.5	0.101286	0.11961
71.5	182.5	0.101286	0.108872
74.5	194.5	0.101286	0.099668
74.5	189.5	0.0997519	0.0889301
81.5	198.5	0.0997519	0.0843279
80.5	184.5	0.090548	0.079726
82.5	181.5	0.0767419	0.075124
87.5	169.5	0.0353239	0.07359
85.5	156.5	0.0107799	0.07359
82.5	153.5	-0.00302601	0.07359
81.5	143.5	-0.026036	0.07359
78.5	138.5	-0.0459781	0.07359
84.5	125.5	-0.078192	0.07359
80.5	122.5	-0.0919981	0.07359
81.5	113.5	-0.108872	0.07359
81.5	109.5	-0.121144	0.07359
80.5	100.5	-0.13495	0.07359
81.5	96.5	-0.16563	0.07359
76.5	85.5	-0.179436	0.07359
74.5	95.5	-0.193242	0.07359
78.5	76.5	-0.199378	0.07359
79.5	71.5	-0.210116	0.07359
73.5	68.5	-0.230058	0.07359
78.5	58.5	-0.233126	0.07359
79.5	57.5	-0.237728	0.07359
81.5	55.5	-0.240796	0.07359
83.5	53.5	-0.24233	0.07359
84.5	52.5	-0.243864	0.05825
93.5	48.5	-0.243864	0.0367742
97.5	57.5	-0.243864	0.0152981
109.5	56.5	-0.243864	-0.0061779
119.5	51.5	-0.243864	-0.0399261
128.5	51.5	-0.243864	-0.0644701
134.5	52.5	-0.243864	-0.0798099
149.5	51.5	-0.243864	-0.092082
150.5	54.5	-0.243864	-0.09515
149.5	59.5	-0.23466	-0.09515
146.5	57.5	-0.222388	-0.09515
145.5	64.5	-0.210116	-0.09515
143.5	72.5	-0.19631	-0.09515
142.5	76.5	-0.168698	-0.09515
143.5	79.5	-0.154892	-0.09515
143.5	90.5	-0.144154	-0.09515
138.5	105.5	-0.128814	-0.09515
139.5	111.5	-0.113474	-0.09515
137.5	118.5	-0.08126	-0.09515
137.5	126.5	-0.0659201	-0.09515
142.5	125.5	-0.055182	-0.09515
138.5	136.5	-0.0398421	-0.09515
138.5	142.5	-0.024502	-0.09515
137.5	148.5	0.00310993	-0.09515
137.5	150.5	0.016916	-0.09515
142.5	149.5	0.0291879	-0.09515
137.5	160.5	0.0337899	-0.09515
138.5	163.5	0.04146	-0.09515
139.5	168.5	0.067538	-0.09515
140.5	171.5	0.0798099	-0.09515
138.5	177.5	0.0874801	-0.09515
141.5	179.5	0.0997519	-0.09515
140.5	184.5	0.112024	-0.09515
141.5	187.5	0.1335	-0.092082
141.5	189.5	0.142704	-0.092082
141.5	196.5	0.151908	-0.092082
135.5	199.5	0.154976	-0.0813439
127.5	191.5	0.153442	-0.0567999
116.5	206.5	0.153442	-0.019984
118.5	198.5	0.153442	0.00762796
107.5	195.5	0.153442	0.030638
96.5	201.5	0.153442	0.0459781
93.5	203.5	0.14884	0.053648
91.5	187.5	0.124296	0.055182
86.5	199.5	0.104354	0.055182
87.5	178.5	0.0828779	0.055182
87.5	178.5	0.0644701	0.055182
86.5	169.5	0.0506639	0.055182
87.5	173.5	0.047596	0.055182
89.5	171.5	0.04913	0.053648
90.5	179.5	0.0614018	0.0459781
97.5	183.5	0.0767419	0.030638
107.5	187.5	0.090548	0.0137641
113.5	186.5	0.113558	-0.0107799
119.5	194.5	0.124296	-0.0383921
133.5	192.5	0.131966	-0.070606
141.5	191.5	0.1335	-0.098218
151.5	186.5	0.1335	-0.124296
163.5	183.5	0.131966	-0.173384
171.5	176.5	0.128898	-0.190258
174.5	177.5	0.113558	-0.193326
172.5	171.5	0.098218	-0.193326
172.5	163.5	0.0798099	-0.193326
172.5	156.5	0.0399261	-0.19486
173.5	148.5	0.0138481	-0.193326
173.5	139.5	-0.0106959	-0.193326
179.5	125.5	-0.0383081	-0.193326
173.5	122.5	-0.0659201	-0.193326
174.5	113.5	-0.102736	-0.193326
173.5	106.5	-0.11961	-0.193326
174.5	101.5	-0.139552	-0.193326
181.5	86.5	-0.151824	-0.193326
174.5	90.5	-0.187106	-0.193326
180.5	74.5	-0.19631	-0.193326
179.5	65.5	-0.210116	-0.193326
180.5	61.5	-0.222388	-0.193326
183.5	57.5	-0.236194	-0.193326
184.5	51.5	-0.262272	-0.193326
186.5	45.5	-0.269942	-0.193326
186.5	44.5	-0.269942	-0.193326
187.5	42.5	-0.271476	-0.19486
186.5	40.5	-0.271476	-0.20253
193.5	44.5	-0.27301	-0.242414
208.5	39.5	-0.274544	-0.265424
226.5	42.5	-0.274544	-0.280764
223.5	43.5	-0.276078	-0.30224
232.5	40.5	-0.276078	-0.323716
234.5	51.5	-0.276078	-0.33292
230.5	42.5	-0.274544	-0.33292
224.5	61.5	-0.26534	-0.33292
232.5	52.5	-0.254602	-0.33292
231.5	59.5	-0.240796	-0.33292
231.5	59.5	-0.222388	-0.33292
229.5	65.5	-0.185572	-0.33292
227.5	82.5	-0.167164	-0.33292
223.5	84.5	-0.156426	-0.331386
219.5	95.5	-0.139552	-0.33292
219.5	101.5	-0.11961	-0.331386
215.5	109.5	-0.08126	-0.331386
214.5	115.5	-0.0643861	-0.331386
216.5	121.5	-0.05058	-0.331386
220.5	118.5	-0.0413761	-0.331386
214.5	130.5	-0.024502	-0.331386
220.5	125.5	0.0107799	-0.329852
210.5	145.5	0.023052	-0.329852
217.5	137.5	0.0276539	-0.329852
212.5	148.5	0.0353239	-0.329852
210.5	155.5	0.0598679	-0.329852
212.5	157.5	0.069072	-0.329852
211.5	159.5	0.0752079	-0.329852
212.5	162.5	0.0844119	-0.329852
213.5	162.5	0.092082	-0.329852
213.5	164.5	0.113558	-0.329852
212.5	170.5	0.121228	-0.329852
212.5	172.5	0.128898	-0.329852
214.5	174.5	0.135034	-0.329852
212.5	178.5	0.14117	-0.329852
213.5	176.5	0.142704	-0.329852
213.5	178.5	0.142704	-0.329852
214.5	179.5	0.142704	-0.331386
215.5	179.5	0.144238	-0.335988
218.5	179.5	0.147306	-0.343658
223.5	179.5	0.14884	-0.352862
229.5	174.5	0.15651	-0.385076
234.5	179.5	0.158044	-0.405018
240.5	174.5	0.158044	-0.42496
248.5	173.5	0.159578	-0.443368
249.5	180.5	0.16418	-0.454106
260.5	175.5	0.177986	-0.483252
262.5	180.5	0.17952	-0.492456
263.5	181.5	0.19486	-0.492456
261.5	190.5	0.211734	-0.492456
262.5	191.5	0.227074	-0.492456
262.5	197.5	0.251618	-0.49399
263.5	199.5	0.270026	-0.49399
265.5	204.5	0.277696	-0.492456
266.5	202.5	0.277696	-0.49399
264.5	197.5	0.276162	-0.498592
267.5	196.5	0.276162	-0.503194
269.5	198.5	0.268492	-0.510864
271.5	188.5	0.257754	-0.510864
268.5	183.5	0.250084	-0.512398
269.5	185.5	0.205598	-0.512398
270.5	179.5	0.18719	-0.512398
270.5	176.5	0.17185	-0.512398
270.5	175.5	0.161112	-0.512398
265.5	174.5	0.145772	-0.512398
271.5	163.5	0.131966	-0.513932
271.5	157.5	0.0997519	-0.513932
268.5	158.5	0.0890141	-0.512398
268.5	153.5	0.0752079	-0.512398
266.5	151.5	0.0583339	-0.513932
266.5	149.5	0.044528	-0.513932
269.5	142.5	0.023052	-0.512398
270.5	138.5	0.0123138	-0.512398
270.5	134.5	-0.00149202	-0.512398
271.5	126.5	-0.0152981	-0.513932
269.5	128.5	-0.032172	-0.512398
276.5	121.5	-0.0597839	-0.512398
273.5	118.5	-0.075124	-0.512398
270.5	115.5	-0.0904641	-0.512398
272.5	110.5	-0.101202	-0.512398
272.5	107.5	-0.113474	-0.512398
270.5	106.5	-0.133416	-0.512398
273.5	100.5	-0.148756	-0.512398
277.5	94.5	-0.162562	-0.512398
274.5	92.5	-0.170232	-0.512398
274.5	88.5	-0.185572	-0.512398
277.5	81.5	-0.216252	-0.512398
276.5	78.5	-0.228524	-0.510864
279.5	67.5	-0.233126	-0.506262
274.5	72.5	-0.243864	-0.498592
273.5	66.5	-0.262272	-0.484786
270.5	63.5	-0.266874	-0.474048
263.5	64.5	-0.271476	-0.464844
275.5	54.5	-0.277612	-0.44797
255.5	58.5	-0.279146	-0.428028
244.5	57.5	-0.279146	-0.38661
252.5	48.5	-0.279146	-0.360532
232.5	56.5	-0.28068	-0.335988
223.5	56.5	-0.28068	-0.306842
205.5	55.5	-0.279146	-0.282298
195.5	56.5	-0.279146	-0.257754
193.5	43.5	-0.279146	-0.21787
180.5	41.5	-0.279146	-0.197928
175.5	55.5	-0.279146	-0.177986
171.5	39.5	-0.279146	-0.162646
167.5	38.5	-0.279146	-0.130432
154.5	41.5	-0.279146	-0.119694
156.5	44.5	-0.279146	-0.104354
142.5	45.5	-0.279146	-0.0874801
132.5	39.5	-0.279146	-0.070606
132.5	46.5	-0.279146	-0.0383921
121.5	54.5	-0.276078	-0.019984
118.5	41.5	-0.276078	-0.00464392
98.5	59.5	-0.276078	0.0152981
318.5	238.5	-0.276078	0.032172
81.5	48.5	-0.276078	0.0628521
77.5	43.5	-0.274544	0.075124
75.5	42.5	-0.274544	0.0858622
69.5	45.5	-0.274544	0.0950661
69.5	45.5	-0.271476	0.107338
53.5	55.5	-0.251534	0.113474
60.5	55.5	-0.231592	0.113474
59.5	69.5	-0.213184	0.113474
58.5	82.5	-0.205514	0.113474
60.5	81.5	-0.19631	0.108872
70.5	78.5	-0.19631	0.079726
79.5	80.5	-0.194776	0.0628521
87.5	77.5	-0.194776	0.0413761
96.5	80.5	-0.194776	0.026036
106.5	85.5	-0.194776	-0.00157595
122.5	72.5	-0.194776	-0.0567999
132.5	74.5	-0.194776	-0.0859461
143.5	72.5	-0.194776	-0.108956
155.5	74.5	-0.194776	-0.136568
161.5	75.5	-0.194776	-0.154976
176.5	70.5	-0.194776	-0.177986
185.5	72.5	-0.194776	-0.222472
187.5	82.5	-0.19631	-0.243948
201.5	71.5	-0.197844	-0.268492
204.5	80.5	-0.199378	-0.293036
220.5	66.5	-0.202446	-0.306842
226.5	66.5	-0.20398	-0.346726
233.5	69.5	-0.205514	-0.368202
243.5	67.5	-0.207048	-0.388144
250.5	69.5	-0.207048	-0.408086
261.5	67.5	-0.208582	-0.421892
265.5	70.5	-0.208582	-0.457174
271.5	73.5	-0.207048	-0.474048
277.5	75.5	-0.205514	-0.483252
277.5	76.5	-0.199378	-0.483252
267.5	87.5	-0.193242	-0.483252
275.5	83.5	-0.162562	-0.483252
268.5	91.5	-0.139552	-0.483252
265.5	100.5	-0.125746	-0.483252
268.5	98.5	-0.121144	-0.475582
253.5	101.5	-0.122678	-0.452572
244.5	102.5	-0.122678	-0.438766
244.5	102.5	-0.122678	-0.406552
229.5	102.5	-0.125746	-0.343658
225.5	93.5	-0.125746	-0.320648
203.5	101.5	-0.12728	-0.29457
203.5	94.5	-0.12728	-0.270026
188.5	101.5	-0.12728	-0.251618
174.5	102.5	-0.12728	-0.18719
162.5	105.5	-0.128814	-0.159578
152.5	104.5	-0.130348	-0.128898
142.5	101.5	-0.131882	-0.098218
129.5	102.5	-0.131882	-0.0521979
124.5	99.5	-0.133416	-0.0261199
110.5	102.5	-0.13495	-4.19617e-05
97.5	108.5	-0.13495	0.02757
82.5	98.5	-0.13495	0.05058
75.5	106.5	-0.136484	0.076658
66.5	102.5	-0.13495	0.0904641
84.5	81.5	-0.13495	0.10427
58.5	98.5	-0.130348	0.11194
63.5	102.5	-0.121144	0.11194
57.5	120.5	-0.101202	0.108872
68.5	118.5	-0.0889301	0.102736
68.5	115.5	-0.076658	0.0919981
71.5	127.5	-0.0720561	0.079726
83.5	130.5	-0.0720561	0.0659201
91.5	130.5	-0.0720561	0.0183661
101.5	127.5	-0.0720561	-0.00157595
109.5	130.5	-0.0720561	-0.024586
133.5	121.5	-0.0720561	-0.0583339
139.5	119.5	-0.075124	-0.113558
150.5	121.5	-0.075124	-0.139636
158.5	123.5	-0.076658	-0.165714
177.5	109.5	-0.076658	-0.18719
180.5	118.5	-0.076658	-0.214802
190.5	116.5	-0.079726	-0.262356
200.5	111.5	-0.079726	-0.29457
218.5	102.5	-0.08126	-0.328318
224.5	109.5	-0.079726	-0.351328
232.5	103.5	-0.079726	-0.365134
238.5	104.5	-0.08126	-0.395814
239.5	111.5	-0.08126	-0.414222
249.5	110.5	-0.08126	-0.43263
255.5	105.5	-0.08126	-0.44797
253.5	115.5	-0.08126	-0.452572
260.5	111.5	-0.078192	-0.469446
265.5	109.5	-0.07359	-0.477116
263.5	117.5	-0.0659201	-0.481718
262.5	117.5	-0.05825	-0.481718
263.5	124.5	-0.0459781	-0.481718
264.5	124.5	-0.0183661	-0.481718
254.5	136.5	-0.0106959	-0.469446
254.5	126.5	-0.0106959	-0.4403
234.5	137.5	-0.0106959	-0.415756
239.5	127.5	-0.0106959	-0.392746
223.5	132.5	-0.0122299	-0.346726
209.5	135.5	-0.0183661	-0.31758
203.5	131.5	-0.0199001	-0.289968
194.5	133.5	-0.0214341	-0.266958
184.5	131.5	-0.024502	-0.242414
173.5	134.5	-0.030638	-0.199462
165.5	131.5	-0.032172	-0.170316
154.5	132.5	-0.0352399	-0.14117
148.5	128.5	-0.0398421	-0.113558
140.5	125.5	-0.0429101	-0.0859461
127.5	125.5	-0.0429101	-0.0353239
112.5	131.5	-0.0429101	-0.01845
102.5	134.5	-0.0459781	0.00302601
94.5	137.5	-0.0475121	0.0214341
87.5	137.5	-0.049046	0.052114
82.5	128.5	-0.049046	0.07359
74.5	131.5	-0.049046	0.0904641
64.5	130.5	-0.049046	0.101202
60.5	135.5	-0.0475121	0.11194
59.5	140.5	-0.0229681	0.116542
57.5	151.5	-0.00762796	0.115008
66.5	160.5	4.19617e-05	0.108872
75.5	158.5	0.0061779	0.0904641
84.5	159.5	0.00771189	0.0628521
89.5	160.5	0.00924587	0.0444441
99.5	157.5	0.00924587	0.0168321
111.5	152.5	0.00924587	-0.0123138
121.5	152.5	0.00924587	-0.0399261
133.5	148.5	0.00924587	-0.0890141
143.5	149.5	0.00924587	-0.119694
155.5	147.5	0.00924587	-0.150374
159.5	150.5	0.00924587	-0.174918
172.5	145.5	0.00924587	-0.199462
188.5	135.5	0.00924587	-0.22554
188.5	135.5	0.00924587	-0.24088
195.5	145.5	0.00924587	-0.2869
210.5	132.5	0.00924587	-0.31758
216.5	140.5	0.00924587	-0.343658
222.5	142.5	0.00924587	-0.365134
232.5	135.5	0.00924587	-0.37894
239.5	138.5	0.00924587	-0.42496
247.5	139.5	0.00924587	-0.449504
255.5	127.5	0.00924587	-0.47098
260.5	137.5	0.00924587	-0.487854
264.5	138.5	0.0123138	-0.495524
270.5	135.5	0.0368581	-0.495524
267.5	138.5	0.0598679	-0.495524
262.5	155.5	0.0782759	-0.497058
262.5	157.5	0.090548	-0.49399
257.5	156.5	0.098218	-0.474048
251.5	155.5	0.0997519	-0.437232
234.5	166.5	0.0997519	-0.414222
225.5	164.5	0.098218	-0.380474
213.5	166.5	0.093616	-0.354396
209.5	158.5	0.0844119	-0.326784
197.5	163.5	0.0813439	-0.273094
195.5	155.5	0.0798099	-0.254686
180.5	159.5	0.073674	-0.227074
168.5	161.5	0.069072	-0.20253
161.5	158.5	0.0567999	-0.138102
153.5	158.5	0.0537319	-0.107422
138.5	162.5	0.0506639	-0.092082
128.5	159.5	0.046062	-0.0583339
110.5	161.5	0.044528	-0.0276539
98.5	164.5	0.0368581	0.0398421
88.5	167.5	0.0368581	0.0643861
79.5	164.5	0.0353239	0.0919981
62.5	167.5	0.0337899	0.107338
55.5	166.5	0.0337899	0.12728
59.5	161.5	0.0353239	0.13495
62.5	162.5	0.04146	0.13495
59.5	181.5	0.042994	0.130348
68.5	166.5	0.044528	0.108872
78.5	167.5	0.047596	0.0919981
93.5	172.5	0.066004	0.0459781
98.5	180.5	0.0798099	0.0152981
110.5	180.5	0.0874801	-0.0138481
122.5	179.5	0.0890141	-0.046062
134.5	176.5	0.0890141	-0.0752079
147.5	172.5	0.0890141	-0.096684
154.5	171.5	0.0890141	-0.15651
166.5	171.5	0.0890141	-0.185656
178.5	164.5	0.0890141	-0.211734
184.5	168.5	0.0890141	-0.239346
194.5	167.5	0.090548	-0.285366
209.5	162.5	0.090548	-0.312978
215.5	165.5	0.090548	-0.34059
220.5	161.5	0.090548	-0.362066
233.5	154.5	0.090548	-0.382008
237.5	155.5	0.090548	-0.403484
244.5	160.5	0.092082	-0.438766
252.5	157.5	0.092082	-0.458708
257.5	156.5	0.092082	-0.480184
266.5	154.5	0.093616	-0.497058
266.5	159.5	0.093616	-0.521602
271.5	159.5	0.09515	-0.530806
276.5	160.5	0.098218	-0.543078
277.5	160.5	0.10282	-0.544612
279.5	163.5	0.135034	-0.546146
277.5	170.5	0.15651	-0.546146
279.5	172.5	0.182588	-0.544612
279.5	175.5	0.190258	-0.544612
279.5	176.5	0.193326	-0.538476
267.5	181.5	0.197928	-0.49399
258.5	182.5	0.20253	-0.472514
252.5	181.5	0.205598	-0.446436
246.5	183.5	0.207132	-0.42496
238.5	184.5	0.207132	-0.408086
229.5	187.5	0.207132	-0.388144
218.5	194.5	0.207132	-0.342124
213.5	193.5	0.207132	-0.316046
201.5	198.5	0.205598	-0.285366
189.5	195.5	0.204064	-0.257754
185.5	198.5	0.20253	-0.239346
172.5	201.5	0.199462	-0.176452
163.5	197.5	0.199462	-0.144238
157.5	194.5	0.199462	-0.115092
133.5	210.5	0.199462	-0.0828779
129.5	196.5	0.199462	-0.0598679
129.5	196.5	0.199462	-0.0276539
114.5	197.5	0.199462	-4.19617e-05
97.5	207.5	0.196394	0.056716
94.5	204.5	0.191792	0.076658
90.5	203.5	0.188724	0.0889301
80.5	205.5	0.185656	0.0935321
76.5	202.5	0.177986	0.11194
66.5	207.5	0.161112	0.151824
56.5	203.5	0.154976	0.167164
50.5	203.5	0.14884	0.179436
45.5	204.5	0.14117	0.187106
45.5	204.5	0.1335	0.18864
42.5	196.5	0.107422	0.190174
42.5	196.5	0.0859461	0.190174
42.5	171.5	0.0614018	0.190174
33.5	169.5	0.0383921	0.190174
32.5	152.5	0.0153821	0.18864
35.5	153.5	-0.0214341	0.190174
33.5	138.5	-0.0413761	0.18864
43.5	125.5	-0.0613179	0.190174
32.5	129.5	-0.078192	0.18864
33.5	124.5	-0.0935321	0.190174
33.5	124.5	-0.115008	0.190174
39.5	94.5	-0.128814	0.18864
39.5	94.5	-0.15029	0.18864
39.5	94.5	-0.164096	0.190174
39.5	94.5	-0.179436	0.18864
26.5	83.5	-0.199378	0.190174
30.5	72.5	-0.21165	0.18864
30.5	72.5	-0.217786	0.18864
34.5	64.5	-0.21932	0.184038
34.5	64.5	-0.222388	0.176368
34.5	64.5	-0.225456	0.161028
56.5	54.5	-0.240796	0.13495
64.5	46.5	-0.245398	0.125746
63.5	48.5	-0.25	0.105804
81.5	45.5	-0.25	0.082794
91.5	50.5	-0.25	0.0352399
99.5	50.5	-0.25	0.0199001
98.5	56.5	-0.246932	0.0152981
109.5	55.5	-0.236194	0.00762796
108.5	72.5	-0.21932	-0.00157595
110.5	80.5	-0.184038	-0.00771189
112.5	79.5	-0.167164	-0.00771189
113.5	94.5	-0.15029	-0.00771189
111.5	97.5	-0.136484	-0.00771189
106.5	111.5	-0.115008	-0.00771189
109.5	120.5	-0.075124	-0.00771189
108.5	127.5	-0.052114	-0.00771189
114.5	118.5	-0.030638	-0.00771189
115.5	143.5	-0.0152981	-0.00771189
109.5	152.5	0.024586	-0.00771189
114.5	157.5	0.042994	-0.00771189
112.5	164.5	0.0567999	-0.00771189
112.5	174.5	0.07214	-0.00771189
112.5	179.5	0.0813439	-0.00771189
116.5	178.5	0.113558	-0.016916
120.5	189.5	0.131966	-0.0322559
128.5	191.5	0.150374	-0.0537319
133.5	196.5	0.159578	-0.067538
139.5	194.5	0.159578	-0.0798099
145.5	191.5	0.159578	-0.093616
145.5	191.5	0.161112	-0.116626
161.5	181.5	0.14117	-0.153442
161.5	177.5	0.11816	-0.154976
163.5	166.5	0.0782759	-0.154976
156.5	154.5	0.0276539	-0.151908
161.5	132.5	0.00464392	-0.151908
156.5	127.5	-0.05825	-0.14117
154.5	108.5	-0.0873961	-0.131966
151.5	104.5	-0.113474	-0.122762
149.5	99.5	-0.131882	-0.116626
145.5	92.5	-0.144154	-0.113558
152.5	74.5	-0.174834	-0.105888
147.5	71.5	-0.191708	-0.104354
148.5	64.5	-0.20398	-0.10282
146.5	60.5	-0.217786	-0.101286
145.5	54.5	-0.222388	-0.101286
142.5	51.5	-0.239262	-0.0997519
147.5	54.5	-0.24233	-0.098218
142.5	45.5	-0.243864	-0.098218
161.5	42.5	-0.25	-0.0997519
155.5	44.5	-0.253068	-0.113558
159.5	41.5	-0.256136	-0.122762
167.5	38.5	-0.256136	-0.124296
158.5	36.5	-0.25767	-0.127364
167.5	44.5	-0.256136	-0.139636
168.5	42.5	-0.256136	-0.17185
180.5	45.5	-0.259204	-0.196394
195.5	38.5	-0.259204	-0.227074
198.5	41.5	-0.260738	-0.24855
213.5	36.5	-0.260738	-0.259288
211.5	42.5	-0.259204	-0.265424
215.5	41.5	-0.254602	-0.265424
209.5	50.5	-0.239262	-0.265424
199.5	70.5	-0.21932	-0.265424
209.5	67.5	-0.199378	-0.265424
199.5	83.5	-0.174834	-0.265424
206.5	83.5	-0.159494	-0.265424
204.5	86.5	-0.138018	-0.265424
197.5	100.5	-0.116542	-0.265424
192.5	110.5	-0.0705221	-0.265424
196.5	112.5	-0.056716	-0.26389
195.5	124.5	-0.0352399	-0.26389
195.5	128.5	-0.0137641	-0.26389
193.5	134.5	0.00157595	-0.26389
200.5	135.5	0.0322559	-0.26389
194.5	142.5	0.044528	-0.265424
192.5	150.5	0.0552659	-0.265424
193.5	156.5	0.069072	-0.26389
193.5	162.5	0.0798099	-0.265424
193.5	164.5	0.112024	-0.265424
193.5	168.5	0.127364	-0.265424
193.5	173.5	0.139636	-0.265424
195.5	177.5	0.144238	-0.26389
192.5	183.5	0.153442	-0.265424
198.5	178.5	0.181054	-0.265424
194.5	183.5	0.19486	-0.265424
195.5	186.5	0.20253	-0.26389
196.5	194.5	0.20253	-0.265424
201.5	186.5	0.200996	-0.270026
203.5	196.5	0.205598	-0.299172
212.5	189.5	0.211734	-0.319114
219.5	188.5	0.216336	-0.337522
224.5	188.5	0.216336	-0.34826
226.5	190.5	0.200996	-0.365134
231.5	178.5	0.168782	-0.365134
221.5	173.5	0.130432	-0.365134
223.5	161.5	0.090548	-0.365134
229.5	143.5	0.0506639	-0.365134
223.5	139.5	-0.00916195	-0.365134
228.5	122.5	-0.0398421	-0.365134
233.5	111.5	-0.076658	-0.365134
236.5	100.5	-0.105804	-0.365134
235.5	91.5	-0.133416	-0.365134
236.5	77.5	-0.148756	-0.365134
242.5	72.5	-0.197844	-0.365134
244.5	64.5	-0.220854	-0.365134
232.5	67.5	-0.240796	-0.365134
246.5	53.5	-0.254602	-0.365134
241.5	40.5	-0.262272	-0.365134
231.5	58.5	-0.282214	-0.365134
235.5	51.5	-0.282214	-0.365134
240.5	49.5	-0.282214	-0.365134
240.5	52.5	-0.283748	-0.366668
243.5	52.5	-0.282214	-0.374338
257.5	46.5	-0.282214	-0.42496
263.5	35.5	-0.283748	-0.443368
265.5	52.5	-0.282214	-0.458708
272.5	55.5	-0.282214	-0.467912
273.5	57.5	-0.277612	-0.469446
274.5	51.5	-0.25	-0.469446
263.5	73.5	-0.236194	-0.469446
267.5	73.5	-0.217786	-0.469446
272.5	71.5	-0.200912	-0.469446
266.5	77.5	-0.184038	-0.469446
262.5	92.5	-0.167164	-0.469446
258.5	99.5	-0.12728	-0.469446
265.5	93.5	-0.113474	-0.469446
264.5	97.5	-0.0950661	-0.469446
261.5	105.5	-0.076658	-0.469446
255.5	120.5	-0.0429101	-0.469446
262.5	116.5	-0.0229681	-0.469446
260.5	118.5	-0.0122299	-0.469446
257.5	134.5	0.0061779	-0.469446
257.5	140.5	0.023052	-0.469446
262.5	137.5	0.047596	-0.469446
257.5	141.5	0.067538	-0.469446
255.5	155.5	0.0874801	-0.469446
255.5	158.5	0.112024	-0.469446
259.5	159.5	0.138102	-0.469446
257.5	167.5	0.17952	-0.469446
255.5	177.5	0.20253	-0.469446
257.5	182.5	0.222472	-0.469446
256.5	189.5	0.243948	-0.466378
252.5	195.5	0.253152	-0.45564
241.5	202.5	0.262356	-0.414222
233.5	197.5	0.262356	-0.39428
228.5	196.5	0.259288	-0.37127
222.5	204.5	0.254686	-0.35593
214.5	202.5	0.24855	-0.343658
216.5	201.5	0.237812	-0.346726
220.5	195.5	0.234744	-0.358998
233.5	189.5	0.236278	-0.38661
245.5	185.5	0.234744	-0.406552
253.5	184.5	0.234744	-0.431096
258.5	188.5	0.234744	-0.469446
268.5	180.5	0.236278	-0.490922
271.5	182.5	0.234744	-0.507796
277.5	180.5	0.234744	-0.523136
284.5	176.5	0.228608	-0.541544
285.5	177.5	0.213268	-0.549214
284.5	172.5	0.193326	-0.556884
287.5	167.5	0.168782	-0.558418
286.5	157.5	0.142704	-0.558418
291.5	148.5	0.107422	-0.558418
285.5	150.5	0.0874801	-0.558418
285.5	146.5	0.070606	-0.558418
289.5	138.5	0.0537319	-0.558418
278.5	139.5	0.0153821	-0.558418
290.5	123.5	0.00157595	-0.558418
289.5	120.5	-0.024502	-0.556884
290.5	110.5	-0.052114	-0.556884
289.5	105.5	-0.076658	-0.558418
289.5	98.5	-0.113474	-0.556884
292.5	92.5	-0.13495	-0.549214
286.5	89.5	-0.156426	-0.536942
294.5	77.5	-0.171766	-0.527738
285.5	70.5	-0.18864	-0.513932
282.5	69.5	-0.208582	-0.472514
276.5	60.5	-0.21932	-0.444902
271.5	48.5	-0.22699	-0.415756
254.5	63.5	-0.231592	-0.385076
242.5	60.5	-0.23466	-0.362066
226.5	58.5	-0.240796	-0.30224
230.5	45.5	-0.240796	-0.283832
220.5	46.5	-0.240796	-0.259288
201.5	45.5	-0.240796	-0.227074
196.5	45.5	-0.240796	-0.208666
176.5	59.5	-0.240796	-0.165714
180.5	41.5	-0.239262	-0.151908
159.5	51.5	-0.240796	-0.131966
156.5	60.5	-0.240796	-0.115092
157.5	41.5	-0.240796	-0.10282
144.5	45.5	-0.240796	-0.067538
128.5	43.5	-0.240796	-0.047596
127.5	51.5	-0.240796	-0.0307219
121.5	46.5	-0.240796	-0.0138481
117.5	46.5	-0.243864	-0.00157595
112.5	43.5	-0.24233	0.0229681
107.5	45.5	-0.24233	0.0398421
96.5	48.5	-0.243864	0.056716
89.5	45.5	-0.24233	0.0720561
75.5	48.5	-0.243864	0.099668
65.5	49.5	-0.24233	0.116542
58.5	52.5	-0.24233	0.133416
58.5	52.5	-0.240796	0.144154
44.5	57.5	-0.233126	0.145688
45.5	57.5	-0.213184	0.145688
54.5	64.5	-0.19631	0.145688
52.5	74.5	-0.184038	0.14262
50.5	85.5	-0.177902	0.141086
56.5	84.5	-0.171766	0.141086
56.5	85.5	-0.145688	0.141086
63.5	85.5	-0.128814	0.141086
63.5	99.5	-0.110406	0.141086
56.5	109.5	-0.0966001	0.141086
59.5	116.5	-0.0628521	0.139552
61.5	130.5	-0.05058	0.139552
56.5	139.5	-0.0337059	0.141086
53.5	137.5	-0.0199001	0.141086
59.5	149.5	0.00464392	0.139552
63.5	151.5	0.016916	0.141086
56.5	158.5	0.0291879	0.139552
58.5	173.5	0.0368581	0.138018
66.5	168.5	0.0644701	0.138018
61.5	188.5	0.0782759	0.139552
68.5	188.5	0.09515	0.138018
74.5	180.5	0.104354	0.138018
75.5	185.5	0.11816	0.121144
76.5	184.5	0.124296	0.108872
84.5	184.5	0.124296	0.0889301
94.5	189.5	0.124296	0.0674541
102.5	188.5	0.12583	0.0337059
110.5	184.5	0.127364	0.00916195
120.5	191.5	0.131966	-0.01845
132.5	176.5	0.135034	-0.044528
141.5	187.5	0.14117	-0.069072
149.5	187.5	0.159578	-0.115092
156.5	192.5	0.165714	-0.128898
165.5	184.5	0.177986	-0.14884
173.5	191.5	0.18719	-0.165714
175.5	188.5	0.193326	-0.184122
182.5	197.5	0.196394	-0.214802
188.5	195.5	0.196394	-0.22554
194.5	188.5	0.196394	-0.242414
203.5	189.5	0.199462	-0.260822
211.5	188.5	0.20253	-0.282298
213.5	185.5	0.204064	-0.312978
217.5	186.5	0.2102	-0.328318
223.5	187.5	0.219404	-0.339056
228.5	199.5	0.234744	-0.354396
231.5	200.5	0.24855	-0.372804
232.5	198.5	0.257754	-0.388144
239.5	199.5	0.270026	-0.398882
243.5	197.5	0.277696	-0.408086
248.5	198.5	0.283832	-0.420358
252.5	203.5	0.29457	-0.451038
259.5	205.5	0.297638	-0.467912
263.5	204.5	0.300706	-0.484786
273.5	204.5	0.30224	-0.49399
270.5	206.5	0.306842	-0.503194
278.5	205.5	0.306842	-0.517
277.5	206.5	0.306842	-0.523136
276.5	193.5	0.306842	-0.530806
282.5	198.5	0.296104	-0.53234
283.5	187.5	0.280764	-0.530806
277.5	186.5	0.24088	-0.530806
279.5	173.5	0.208666	-0.530806
280.5	167.5	0.181054	-0.530806
280.5	160.5	0.1335	-0.530806
278.5	155.5	0.113558	-0.530806
283.5	137.5	0.09515	-0.529272
276.5	141.5	0.069072	-0.52467
275.5	134.5	0.044528	-0.523136
275.5	130.5	0.00464392	-0.521602
275.5	124.5	-0.0152981	-0.521602
281.5	112.5	-0.02757	-0.521602
276.5	114.5	-0.0475121	-0.521602
281.5	100.5	-0.0659201	-0.520068
277.5	103.5	-0.107338	-0.512398
276.5	98.5	-0.124212	-0.512398
291.5	77.5	-0.139552	-0.512398
285.5	78.5	-0.156426	-0.512398
278.5	81.5	-0.174834	-0.507796
285.5	73.5	-0.205514	-0.500126
281.5	67.5	-0.216252	-0.498592
288.5	58.5	-0.22699	-0.495524
294.5	59.5	-0.233126	-0.49399
278.5	61.5	-0.240796	-0.490922
275.5	60.5	-0.248466	-0.467912
282.5	46.5	-0.248466	-0.444902
267.5	54.5	-0.25	-0.418824
263.5	45.5	-0.25	-0.388144
243.5	55.5	-0.25	-0.34059
235.5	36.5	-0.25	-0.312978
230.5	49.5	-0.25	-0.283832
216.5	44.5	-0.25	-0.26389
210.5	40.5	-0.25	-0.23321
195.5	42.5	-0.25	-0.205598
192.5	49.5	-0.25	-0.167248
168.5	43.5	-0.25	-0.151908
172.5	43.5	-0.25	-0.131966
153.5	57.5	-0.25	-0.108956
148.5	45.5	-0.25	-0.07214
137.5	48.5	-0.25	-0.0521979
126.5	54.5	-0.25	-0.0261199
114.5	57.5	-0.25	-0.00157595
97.5	50.5	-0.25	0.0183661
99.5	41.5	-0.25	0.053648
85.5	42.5	-0.25	0.0720561
64.5	46.5	-0.25	0.0858622
86.5	30.5	-0.25	0.102736
54.5	44.5	-0.25	0.118076
54.5	44.5	-0.25	0.148756
54.5	44.5	-0.25	0.159494
54.5	44.5	-0.248466	0.167164
64.5	30.5	-0.240796	0.168698
33.5	59.5	-0.22699	0.168698
33.5	59.5	-0.205514	0.168698
48.5	54.5	-0.193242	0.168698
48.5	54.5	-0.18097	0.168698
40.5	87.5	-0.167164	0.167164
46.5	86.5	-0.15796	0.168698
42.5	97.5	-0.128814	0.167164
44.5	95.5	-0.11194	0.167164
45.5	109.5	-0.0904641	0.167164
46.5	121.5	-0.075124	0.16563
48.5	132.5	-0.0613179	0.16563
46.5	133.5	-0.049046	0.16563
45.5	151.5	-0.0229681	0.16563
44.5	150.5	-0.00455999	0.16563
44.5	149.5	0.0107799	0.16563
51.5	160.5	0.021518	0.167164
46.5	158.5	0.0291879	0.16563
48.5	168.5	0.04146	0.161028
56.5	174.5	0.0521979	0.147222
67.5	184.5	0.0629361	0.136484
71.5	179.5	0.07214	0.118076
83.5	174.5	0.0752079	0.075124
91.5	162.5	0.0782759	0.0597839
104.5	173.5	0.0813439	0.0413761
108.5	171.5	0.0890141	0.0183661
122.5	165.5	0.09515	-0.00464392
123.5	172.5	0.113558	-0.04913
134.5	172.5	0.119694	-0.067538
135.5	187.5	0.119694	-0.073674
140.5	183.5	0.119694	-0.0798099
141.5	175.5	0.11049	-0.0798099
149.5	154.5	0.073674	-0.0798099
139.5	162.5	0.04913	-0.0798099
135.5	156.5	0.019984	-0.0782759
142.5	130.5	0.00157595	-0.0782759
137.5	133.5	-0.024502	-0.0798099
142.5	112.5	-0.0720561	-0.0782759
146.5	96.5	-0.0919981	-0.0782759
148.5	100.5	-0.118076	-0.0844119
145.5	91.5	-0.136484	-0.096684
153.5	81.5	-0.147222	-0.0997519
148.5	74.5	-0.174834	-0.07214
140.5	69.5	-0.179436	-0.047596
128.5	67.5	-0.179436	-0.0261199
122.5	66.5	-0.18097	-4.19617e-05
105.5	63.5	-0.184038	0.0214341
91.5	67.5	-0.187106	0.07359
81.5	64.5	-0.190174	0.0935321
73.5	64.5	-0.190174	0.102736
64.5	73.5	-0.191708	0.10427
78.5	61.5	-0.19631	0.0950661
84.5	66.5	-0.202446	0.049046
94.5	61.5	-0.202446	0.024502
105.5	59.5	-0.20398	-0.0061779
126.5	70.5	-0.202446	-0.0291879
140.5	55.5	-0.202446	-0.067538
155.5	52.5	-0.20398	-0.131966
168.5	55.5	-0.20398	-0.162646
183.5	58.5	-0.205514	-0.193326
196.5	54.5	-0.205514	-0.208666
203.5	56.5	-0.205514	-0.227074
223.5	54.5	-0.208582	-0.300706
238.5	53.5	-0.208582	-0.32525
249.5	55.5	-0.208582	-0.349794
258.5	59.5	-0.208582	-0.360532
263.5	63.5	-0.200912	-0.389678
268.5	63.5	-0.193242	-0.40962
274.5	66.5	-0.184038	-0.43263
279.5	68.5	-0.168698	-0.451038
282.5	81.5	-0.148756	-0.466378
282.5	81.5	-0.131882	-0.475582
270.5	107.5	-0.07359	-0.466378
279.5	95.5	-0.0459781	-0.438766
261.5	111.5	-0.0214341	-0.41729
241.5	121.5	-0.0122299	-0.389678
232.5	121.5	-0.00609398	-0.334454
219.5	118.5	-0.00609398	-0.30224
215.5	116.5	-0.00916195	-0.270026
194.5	120.5	-0.0183661	-0.237812
181.5	115.5	-0.02757	-0.20253
170.5	116.5	-0.052114	-0.135034
158.5	108.5	-0.0613179	-0.112024
144.5	106.5	-0.079726	-0.0782759
128.5	100.5	-0.098134	-0.0383921
112.5	97.5	-0.12728	0.02757
102.5	89.5	-0.12728	0.05058
92.5	86.5	-0.12728	0.0659201
75.5	96.5	-0.121144	0.08126
82.5	105.5	-0.0966001	0.08126
78.5	112.5	-0.05058	0.079726
77.5	121.5	-0.026036	0.0705221
88.5	133.5	-0.0152981	0.0628521
90.5	139.5	4.19617e-05	0.049046
101.5	144.5	0.01845	0.0367742
103.5	169.5	0.0552659	0.00149202
120.5	159.5	0.069072	-0.0291879
134.5	160.5	0.0752079	-0.04913
147.5	160.5	0.0767419	-0.0782759
158.5	156.5	0.07214	-0.151908
173.5	151.5	0.0598679	-0.181054
187.5	140.5	0.0399261	-0.20253
193.5	127.5	0.0107799	-0.213268
193.5	114.5	-0.0459781	-0.216336
195.5	101.5	-0.0873961	-0.214802
197.5	85.5	-0.11961	-0.211734
192.5	78.5	-0.14262	-0.197928
185.5	70.5	-0.162562	-0.17185
171.5	65.5	-0.174834	-0.121228
163.5	66.5	-0.174834	-0.093616
150.5	68.5	-0.18097	-0.0614018
134.5	63.5	-0.18864	-0.0337899
123.5	57.5	-0.200912	-0.00464392
104.5	62.5	-0.202446	0.02757
87.5	60.5	-0.202446	0.0720561
77.5	56.5	-0.202446	0.0858622
72.5	61.5	-0.199378	0.0889301
77.5	62.5	-0.176368	0.0858622
76.5	80.5	-0.14262	0.0858622
77.5	105.5	-0.107338	0.078192
84.5	111.5	-0.0628521	0.0597839
95.5	122.5	-0.0383081	0.05058
101.5	132.5	-0.0137641	0.0367742
110.5	139.5	4.19617e-05	0.0168321
129.5	134.5	0.00310993	-0.0583339
144.5	127.5	0.00310993	-0.090548
167.5	129.5	4.19617e-05	-0.135034
184.5	122.5	-0.00609398	-0.168782
191.5	115.5	-0.0183661	-0.193326
199.5	105.5	-0.0337059	-0.234744
209.5	105.5	-0.0352399	-0.257754
221.5	99.5	-0.030638	-0.2869
229.5	106.5	-0.0137641	-0.30224
225.5	119.5	0.0123138	-0.305308
224.5	129.5	0.0813439	-0.303774
224.5	140.5	0.11049	-0.296104
216.5	153.5	0.131966	-0.276162
196.5	174.5	0.145772	-0.250084
189.5	170.5	0.153442	-0.173384
168.5	168.5	0.151908	-0.135034
158.5	185.5	0.150374	-0.09515
145.5	174.5	0.139636	-0.04913
124.5	163.5	0.121228	-0.019984
107.5	166.5	0.092082	0.0168321
98.5	153.5	0.04146	0.0689881
88.5	138.5	0.00924587	0.08126
86.5	124.5	-0.026036	0.08126
88.5	119.5	-0.0475121	0.08126
87.5	100.5	-0.082794	0.08126
88.5	89.5	-0.136484	0.078192
90.5	74.5	-0.162562	0.07359
93.5	63.5	-0.190174	0.0643861
95.5	57.5	-0.205514	0.055182
113.5	45.5	-0.213184	0.0337059
125.5	45.5	-0.214718	-0.023052
